 updated model
   28.28450       28.28450       28.28450    
          40   1.571407       7.089598       1.296996    
          40  -2.772675      0.6990932     -0.9425275    
          40   7.850035       12.60537      0.7221678    
          40   9.141071     -0.1194714       3.653059    
          40   2.019415       9.576373       13.07858    
          40   5.421621      -9.379768       8.781980    
          40   13.93464      -10.25826       10.63488    
          40  -11.95187      -1.073641      -10.32563    
          40 -0.5324494      -1.117673       7.618846    
          40  -6.746654      -4.381215      -12.99158    
          40   4.050470       7.290716       10.90042    
          40   7.102832       7.870173      -2.437498    
          40  -3.660946       4.198279      0.7853705    
          40   12.41749      -4.277270       5.863118    
          40  -4.928162       1.202576      -3.326076    
          40   4.497370      0.2180509     -0.6032380    
          40  -12.48880      -1.249099      -12.38286    
          40   2.341451      -1.912506      -13.33949    
          40   8.154881      -7.914897       3.042066    
          40   10.04031       8.945601       5.757068    
          40   7.039072      -6.226436       4.738381    
          40   7.293910       9.720128      -3.551779    
          40   6.256143       4.891776       13.54888    
          40  -7.123029      -2.982424       12.35588    
          40   4.012641      -2.283085       6.588721    
          40  0.8537459     -0.1002458       1.869881    
          40   13.10633      -6.863603       12.21502    
          40   8.543122      -5.342157      -5.474342    
          40  -5.101927      -2.651157       5.936745    
          40 -0.3961442       10.02404      -7.683933    
          40  -7.152180       7.990988      -8.131843    
          40   7.669685      -5.305711     -0.9381202    
          40   5.533232      -6.547096      -4.260336    
          40  -13.68159       10.19211      -12.81779    
          40   3.659045      -1.749245     -0.1617465    
          40   6.546212       7.235897      -8.564587    
          40   12.77617       9.063910      -3.237653    
          40   6.153943       9.042845       9.007880    
          40  -2.590608       4.273937      -12.88743    
          40   11.43217       6.975066      -11.46307    
          40   12.31158      -9.315966       9.243921    
          40   2.270553       5.158438      -8.172036    
          40  -12.76700      -9.966344      -7.810442    
          40   6.325335      -7.332687      -1.290666    
          40   7.179921      -13.58541       8.434856    
          40  -1.973413      -13.28153       5.493343    
          40   11.24088       10.94448       10.24084    
          40   5.713583       1.626094       10.58628    
          40   2.915542      -9.774597      0.1482278    
          40  -12.90866      -4.295547      -3.328867    
          40  -6.173270       8.118921      0.2137473    
          40   6.786436       11.69559      -3.689310    
          40  -7.912546      -2.746979       1.949248    
          40   7.179765      -11.09526     -0.6695598    
          40  -11.11469      -8.310121       7.831350    
          40  -13.57648      -9.569645      -1.490930    
          40   11.66173       3.378236      -10.93215    
          40  -5.847087      -2.336782      -3.059700    
          40  0.5486119      0.2673842       9.311129    
          40   12.01783      -8.803451      -3.494268    
          40  -10.79418      -5.904458       4.264926    
          40  -1.131513      -13.27665       12.79933    
          40  -10.47638      -2.374049       5.403020    
          40   10.57500       1.705397       9.221854    
          40   8.945201       3.335682       11.93032    
          40   4.759694       7.887142       8.691722    
          40   11.09970       10.46456       13.79665    
          40  -1.404133      0.2019496       10.41905    
          40  5.6905970E-02  -13.58499      -7.527442    
          40   13.24815       3.303999      -2.649227    
          40   1.600056       2.822518       7.783623    
          40  -1.708925      -12.61088     -0.4502183    
          40  -12.53662       12.42199      -12.92404    
          40  -5.646872      -4.357853       9.089709    
          40  -12.91101       10.59760       11.57213    
          40  -13.19129       7.415248      -13.33743    
          40  -1.698321      -7.074046      -3.120781    
          40   12.62337       5.568597       9.196108    
          40  -6.556733       11.24822      -7.868847    
          40 -0.7209485      -4.243197      -10.06693    
          40  -1.988018       7.224538       1.329977    
          40  -6.661403       6.860964       4.090194    
          40  -11.60271      -6.433306       6.584252    
          40  -13.81003      -9.762024      -5.451803    
          40   2.432331       9.594587      -7.916461    
          40   6.044164       4.575239      -2.538679    
          40  -12.42167      -13.53074       2.939274    
          40   12.51980      -14.13171       3.618435    
          40   1.719218      -3.048714      0.5016509    
          40   1.632902       5.931847       13.18909    
          40   1.061313       2.463433       5.322447    
          40  -8.308028     -0.7039132     -0.7334011    
          40   4.661572       9.455032       11.30859    
          40  -9.228108      -13.86093      0.9917099    
          40  -8.022988       11.43585       13.74133    
          40  -13.76908      -7.692439       13.10417    
          40   5.918452      -10.60047       1.749786    
          40   8.697631      0.5028636      0.7755595    
          40   4.959984       13.05174       1.519428    
          40  -9.672456       7.699560       12.50461    
          40  -8.999436       9.928481       3.574839    
          40  -8.154942       1.335324      -12.22169    
          40   5.736897      -2.409291      -11.68752    
          40  -1.204020       7.858604      -7.224903    
          40  -2.846774      -6.403514      -12.90376    
          40  -6.792693       4.065238       1.001058    
          40  -9.306348       12.62615       13.36502    
          40 -0.7150520       6.041475       11.25270    
          40   4.179681       10.84442      -6.546330    
          40  -5.023866      -7.879330     -0.7675304    
          40  -8.564907      -12.67724      -11.30795    
          40  -12.21430       1.929905       13.17622    
          40  -1.429125      -6.061646      -9.044994    
          40  -3.945054       8.786756      -7.238703    
          40  -8.408937       9.933411       10.72645    
          40  -7.181909      -3.990971       3.453254    
          40  -6.279123       9.470036       5.234688    
          40   5.793933      -8.254215      -6.416530    
          40   10.85493      -2.505324       4.744653    
          40  0.2113676      -11.00324      -7.233566    
          40  -7.287648       4.712096      -4.598038    
          40   7.468031      -3.598389      0.1438593    
          40   10.77270       7.147540     -0.7351525    
          40  -3.469796      -1.542252       12.44928    
          40   8.744902     -0.3365173       10.86623    
          40   2.568907      -6.640516       3.253041    
          40   9.083395       2.970293       6.544831    
          40  -4.658532       1.006246       11.05107    
          40  -5.055417       7.036800       4.872443    
          40  -5.388057      -10.50077       8.122333    
          40   11.31213      -3.761464      -13.75795    
          40  -6.399949      -5.818520       3.023863    
          40   4.959204       5.983017      -4.050307    
          40  -6.988233      -13.44621      -6.552451    
          40  -2.785315      -2.146887       2.136674    
          40  -11.86596       8.361732      -8.665654    
          40  -5.523747       1.020855      -11.09398    
          40  -13.66080       5.921091       2.699853    
          40  -2.373442     -0.4919997      -4.686881    
          40   13.64615      -11.56416      -9.869742    
          40   8.823934       13.19141      -4.159151    
          40  -6.731520       13.46877       1.735432    
          40   9.637700       7.043265       12.16255    
          40   13.32852      -2.407699       12.48615    
          40  -8.920264      -4.548999      -8.069848    
          40   9.324732       9.167479      -8.099061    
          40  -3.609679       8.122094       5.381141    
          40   12.47761       11.96216       8.670981    
          40   9.810267       1.666334      -6.161527    
          40   7.554748       2.014463       8.674954    
          40   8.285954       12.69516      -2.049333    
          40  -14.01402      0.6613261      -4.153242    
          40  -6.783575      -11.94484     -0.5217720    
          40  -7.542521      -3.565121      -9.195237    
          40   10.17984      -6.770292       6.042801    
          40   5.145035      -6.247507      -8.969951    
          40 -0.8833227      -2.400551       2.091925    
          40   7.163581      -12.09131       11.26243    
          40   4.315775      -4.127622       1.348442    
          40   7.079930      -3.741102       9.076992    
          40   12.86728       1.311361       4.808493    
          40  -5.488571      -8.532098       3.589666    
          40 -0.9518268      -4.787594       8.538356    
          40   4.213680       10.99363       7.426829    
          40  -1.665442       10.13355     -0.6727124    
          40   8.642100      -4.122067      -10.10596    
          40  -1.400382       5.246067       2.891642    
          40  -9.646288      -4.383219       11.82811    
          40   9.849437      -8.106749      -12.58276    
          40  -6.810507       6.830360       12.27705    
          40  -6.280948       4.048855       2.875243    
          40  0.4845079      -12.51404      -8.940214    
          40   13.69036      -11.46389     -0.5154634    
          40  -5.449934      -9.142745       12.99047    
          40  -6.850953      -8.687088      -1.290025    
          40  -3.945132       4.608688      -9.057595    
          40   14.01083       1.711177      -2.660978    
          40   5.442224       12.69030       13.90205    
          40   4.169309      -6.613855      -2.079710    
          40   2.141756      0.4832173      -13.03891    
          40  -13.74456       5.770917       11.61639    
          40 -0.7974494      0.5055384       6.941275    
          40  -8.282889      -5.765573       3.549774    
          40   4.930032      -13.46961       1.458560    
          40  -10.13348      0.3712478      0.6599852    
          40  -10.99415      -4.908874      -13.62848    
          40   1.171438      -2.169945       7.842074    
          40  -2.465805       7.261274      -10.58757    
          40  -10.33459       10.09468      -8.314602    
          40  -5.478294      -3.731849      -9.805264    
          40  -12.74989      -1.219659     -0.3705004    
          40   10.48923       1.597507       14.06232    
          40  -7.220073      -6.643978       10.04609    
          40  -12.38220       7.097919       11.25451    
          40  -2.849634      -12.85101       1.297619    
          40 -0.8794463       8.233659      -11.95123    
          40   9.135665      -7.862124      -6.085968    
          40  -4.826875       13.72156      -12.72927    
          40   2.852851       9.726176      -6.112782    
          40  -2.463161      -8.789755       10.69989    
          40  -6.228257       10.91198      -10.19814    
          40   3.359232       7.729347      0.2370850    
          40  -2.230692      -1.067643      -7.031841    
          40  4.8534602E-02  -8.247090       9.053423    
          40  -4.651592      0.9351034      -12.69011    
          40  -1.043962       12.94603      0.4773670    
          40  -2.643870      -7.942589       2.519849    
          40   3.380732      -8.954691       13.32428    
          40  -12.72388      -5.717151      0.2347115    
          40   12.72999       2.089046       12.49636    
          40   6.454771      -13.05975      0.3197092    
          40   4.432406       10.28613      -9.880988    
          40  -2.804127       13.10883       14.00698    
          40   4.497133      -10.76896      -4.211247    
          40  -10.87131     -0.4695530      -12.55698    
          40  -12.44176      -8.865282       6.534949    
          40   11.69391      -10.00098       7.345002    
          40  -5.086100      -2.010552      -5.017709    
          40  -1.245456      -2.333716       12.61695    
          40  -3.377622      -11.16456       9.987159    
          40   6.114941      -9.772187      -3.208782    
          40   4.683858      -7.696523       14.02090    
          40  -3.343457      -6.010432      -3.821781    
          40  -5.677375       5.642372       10.54257    
          40  -9.505061       7.567730      0.9607800    
          40  0.3760421      -3.723796      -3.681616    
          40   1.047050       1.973979       3.089790    
          40  -5.559418       12.52880      -10.73701    
          40   11.87824      -9.651356       11.69271    
          40  -2.202428      -2.819922      -4.523305    
          40   1.750654       10.67642      -3.960486    
          40   6.815834      -6.623599      -13.39906    
          40   11.03414      -9.611978       13.61349    
          40   12.45872      -5.935721       9.063818    
          40   3.658304      -1.226830       13.41669    
          40   8.077258      -6.664003       11.84820    
          40   2.404282      -4.216139      -5.257214    
          40   1.079660      -7.856588      -5.976241    
          40  -3.908247       9.153995       9.269350    
          40  -12.80445      -12.32597      -1.033375    
          40   8.065246       1.424115      -7.560979    
          40  -7.590971      2.3944244E-02   2.559858    
          40   5.508699       8.714864      -1.019391    
          40   3.636656      -8.815894      -8.925957    
          40   11.57335       8.050139      -5.274123    
          40   10.67080       9.820075      -6.355999    
          40   11.83192      -11.51475      -8.238425    
          40  -11.75368       4.501680      -10.51898    
          40  -5.091482      -1.866587      -7.426075    
          40  -9.966536      -13.15478      -6.304111    
          40   6.935873       1.834991      -9.244943    
          40  -2.581604      -9.595920      -2.608970    
          40   8.686567      -12.01453       9.982781    
          40   11.82650       9.224854       8.579206    
          40   11.83626      -11.00297      0.1664082    
          40  -4.038385       9.484923      -3.737459    
          40   12.67208      -11.06424      -11.42140    
          40   1.643379       12.78753      -1.267679    
          40  -9.285089      -10.87839      -9.848842    
          40   10.04850      -11.05391      -8.078753    
          40   10.44531      6.4316601E-02   11.34698    
          40  -1.943102       8.993877       1.122639    
          40  -6.949656      -13.09626      -10.07903    
          40   4.308320      -6.474221       2.498681    
          40  -2.757497       10.84330       8.637777    
          40   1.223443      -9.371564       4.653481    
          40  -13.54292      -13.65518       7.930625    
          40   3.350541      -9.331162      -3.074261    
          40  -7.814448      -7.579952      -12.09177    
          40   13.37321       6.545670       5.366993    
          40  -9.066875       3.311029       3.567422    
          40   3.247603      0.2968833      -1.856292    
          40   11.90677      -1.745350      -12.96169    
          40   12.93149       13.45409      -6.537892    
          40  -4.568060      -13.82363       6.644565    
          40  -4.494682       13.34390     -0.8977659    
          40  -4.727809       10.43046      -13.93845    
          40  -14.12481       2.842433       4.280529    
          40   1.824239     -0.6493949       10.42233    
          40   4.271291       13.31292       5.114832    
          40  -11.95635       13.38754       7.190341    
          40   13.62846     -0.8795231      -8.394763    
          40   12.02577      -4.423615       7.949037    
          40   10.82662      -11.31952      -12.05025    
          40  -3.016992      0.9661315       12.74222    
          40   9.530777       6.604941       8.183811    
          40   8.907085      -7.547507       1.322374    
          40  -4.588930      -5.142575     -0.8299403    
          40   2.724274       12.23657      -4.413166    
          40   11.78111       11.14243      -7.985048    
          40   5.171172      -12.99562       11.27512    
          40   13.59738       12.07854       13.79778    
          40   1.096236       13.50079      -3.321590    
          40   12.54968       8.706798     -0.3429683    
          40  -5.586455      -4.309220       5.257863    
          40   6.201423       7.684631      -13.35178    
          40   11.52944       3.163560      -4.291037    
          40   6.420881       6.452700       10.41136    
          40  -2.871903      -8.351532      -8.524744    
          40  -6.728202      -12.03033      -2.501075    
          40  -13.77441      -6.072450      -10.77203    
          40  -8.081017      -3.889473       10.72237    
          40   11.34070      -2.216148       7.516648    
          40   7.495061      -6.172425      -10.72029    
          40   8.185884      -9.342399      -9.286070    
          40   10.28516       13.35986      -5.384273    
          40  -6.674828       9.466748      -3.617354    
          40  -12.39359      -7.692574      -8.909591    
          40  -6.091718       3.244177       7.404922    
          40   7.240373       2.437795       4.855192    
          40  -11.57246       13.97791       4.785147    
          40   12.45261      -11.52939       3.963816    
          40   5.117297      -7.918163       4.717784    
          40   4.429996       1.024101      -3.385869    
          40  -5.101244      -11.45504     -0.8955730    
          40  -13.29803      -2.222062       13.26637    
          40   14.12321       2.875358       9.951944    
          40  -12.46757      -1.778930       3.173939    
          40  -5.809380       13.67117      -3.736891    
          40   6.032931       2.544198      -3.234793    
          40  -5.583423       2.006465       1.997673    
          40  -12.88274       10.38741       7.822953    
          40  -3.151425      -6.622235     -0.7841137    
          40   7.142305      -10.81189       8.674970    
          40   8.073721       12.44095      -10.65482    
          40  -4.433156       11.52617      -1.712064    
          40   9.789344      -13.70986       1.053317    
          40  -2.417922     -0.7077687       6.367549    
          40   7.422617      -8.298756       5.659340    
          40  -9.138247       12.64962       11.07518    
          40  -1.868329      -12.65236      -9.276552    
          40  -5.216383       13.59106      -6.120292    
          40 -0.3859152      -10.16754      -2.700629    
          40   2.832491      -5.055110       4.846944    
          40  -5.358131       13.57255      -9.023968    
          40  -1.669049       8.356612       11.71181    
          40  -10.14040      -9.940214      -12.50356    
          40  -1.384439      -1.590273       10.25039    
          40   7.724168       9.358797       1.153197    
          40  -3.605924      -12.74655      -2.870491    
          40   6.125182      -9.108873       11.81022    
          40  -7.921790      -10.44756       8.911878    
          40  -10.41292       9.533412       1.810703    
          40   5.182723      -13.91499       8.439034    
          40   1.002475       8.930354      -5.521865    
          40  -7.674036      -1.537111       7.166155    
          40  -7.832087      -10.15447      -13.37169    
          40  0.4190127       11.94078      -10.64316    
          40  0.3742476      -4.980719      -8.565467    
          40   14.13303       3.976275      -13.34665    
          40   9.861911      -2.848939      -10.23421    
          40   12.58169      -2.399985       10.20766    
          40  -8.753215      -10.74203      -5.981748    
          40   6.610239      -2.926630      -1.265586    
          40  -2.244047      -3.554996       14.09118    
          40   9.068819      -9.771222      -6.952086    
          40  -9.010016     -4.1956529E-02   5.956795    
          40  -12.75828       10.76750      -7.678205    
          40  -8.519261      -7.825881       14.07965    
          40   1.671765      -7.344886      -12.26669    
          40   8.946078       5.932703       4.578601    
          40  -10.86086      -2.480776       12.11563    
          40   5.781992       5.075852       8.224803    
          40  -12.64445       12.28192      -10.67348    
          40  -8.956553      -3.480016      0.3432052    
          40   8.064793       11.21226     -0.6629239    
          40  -13.74679     -0.6754367      -5.822432    
          40   7.035717      0.6204509      -13.42476    
          40   9.901765       1.832960      -1.159867    
          40  -4.758781       6.598840      -2.419481    
          40  0.8959263       4.493848       8.495826    
          40  6.7368507E-02  -13.21573       3.521874    
          40  -3.060068      -6.035189      -6.953926    
          40  -6.444750       12.96847       4.683537    
          40  -13.71194       7.054578       7.136158    
          40   10.41488       3.740062       1.603611    
          40   1.253125      -2.675255      -6.604990    
          40   7.680599      -9.963742       11.22221    
          40  -9.414514       7.058598      -7.335664    
          40   7.366717      -3.571143       11.29243    
          40  -11.90891       6.136434       6.128700    
          40   9.779924       6.138088       2.738437    
          40  -9.258964       3.272684       1.405400    
          40  -4.849212       9.390119      -1.763606    
          40  -12.19054      -9.978091      -4.046655    
          40   9.180548      -10.02908       7.048911    
          40   12.32356       5.178465      -3.364906    
          40  -13.91607      -7.566639       7.191747    
          40  -7.539752      -1.835008      -12.28444    
          40  -9.766074      -7.968266      -6.633866    
          40   7.472001       4.198287      -8.883990    
          40  -11.54805      -6.480712      -10.32288    
          40   14.10349       2.110458      0.5795363    
          40   3.101915      -11.40129      -13.42173    
          40   10.57446       2.841000      -7.931932    
          40   13.71400       9.497998      -5.941788    
          40  -9.167420       1.872887      -4.241479    
          40   5.596445       7.459825       6.459383    
          40  -8.647300       6.185899      8.5361660E-02
          40   2.054991       7.236473       4.803664    
          40  -3.338326       9.076994       3.792623    
          40  -8.734341      -13.31556      -13.79762    
          40   6.862846      -10.00362       5.396309    
          40  -5.627941      -4.589989      -4.434542    
          40  -8.277518       1.466771       13.50031    
          40  -10.14873      -12.50431     -0.7041087    
          40   5.711828       2.537163       7.457653    
          40   10.23983      -10.12032      -1.395327    
          40  -1.886315      -3.850322      -11.79535    
          40   7.234242      -14.05953       12.28944    
          40   5.932003      -3.388628       1.513077    
          40   3.017096       10.13100     -0.5365717    
          40  -10.45168       6.568727      -1.353461    
          40   11.80005       1.060725      -9.785564    
          40 -0.9449191       3.235145      -1.607868    
          40 -0.6523556      -9.321578       11.30886    
          40   8.216689       12.51056      -7.096246    
          40   6.578874      -13.42974      -3.223767    
          40   13.20908       5.408582      -9.521698    
          40  -6.178266       11.97550      -5.841621    
          40   8.391013      -1.114916      -3.405249    
          40  -13.96340      -1.405939       5.532115    
          40  -3.976415       6.342060      -6.936677    
          40   8.072107      -6.641906      -2.938007    
          40  -1.720052      -8.015182       6.672743    
          40   7.234394      -10.63464      -4.892404    
          40  -1.317839       6.465217      -11.83617    
          40   3.112120      -3.562518      -11.38857    
          40  -11.44901      -2.987236      -2.318845    
          40   7.057153      -9.514800      -6.482905    
          40   2.082129       6.599114       9.847172    
          40  -3.938825      -11.26290       12.69606    
          40  -10.68031       10.37105      -1.818413    
          40  -10.52406       10.44474      -10.47927    
          40   4.730300      -11.94377      -12.93649    
          40  -9.656689      -5.941398      -9.350961    
          40   12.29311       6.858152       2.880085    
          40   11.12152       6.550596       4.878636    
          40  -6.313477      -8.821911      -11.66109    
          40   4.964291      -4.945375      -1.629297    
          40  -5.181325       11.36151       4.508811    
          40   5.079813       5.155299      -7.406245    
          40   8.823403     -0.9376229       8.532854    
          40  -1.964609      -11.89967       3.767371    
          40   10.43353       4.843139      -2.101554    
          40  -11.93807      -7.450954      -13.11147    
          40  -14.03566      -7.079120      -8.158978    
          40   12.64705      -4.143670       11.35826    
          40   7.690177      -7.948363      -7.469291    
          40   9.808788       13.85435       5.785585    
          40  -11.16988      -6.206927      -6.874599    
          40  -13.49162      -13.28910      -2.529426    
          40  -10.86963       5.412219       10.74798    
          40   2.524451      -13.75769      -10.10048    
          40   8.422857       7.020467      -7.572852    
          40   6.879442       6.515054       3.899694    
          40  -12.77565      -5.059600       2.843123    
          40   9.019786      -2.015896      -5.982494    
          40   4.228388       10.94354      -2.368308    
          40  -2.486819       5.452907      -8.470127    
          40  -13.41207       13.16690       9.908991    
          40   1.266576      -11.52256       5.184772    
          40 -0.7774695       8.931762      -2.862274    
          40  -11.31581      -12.83031      -3.423869    
          40  -13.89205       4.466082      -4.788268    
          40   8.331300       5.843586       11.09519    
          40  -4.477886      -8.349842      -9.360327    
          40   5.583403      -1.737915      -2.661340    
          40   6.521467      -11.51194      -13.81444    
          40  -13.61166      -12.60833      -7.597737    
          40   5.815970      -2.986155      -4.325941    
          40   7.083673       9.388483      -13.03862    
          40  -3.838639      -5.034624       1.278941    
          40  -13.77536      -8.889976       9.270705    
          40  -3.282472      -5.771757      -11.14083    
          40  0.6604403      -13.47059       8.956571    
          40  -1.559620      -5.921283       4.055745    
          40  -3.890003       5.666512     -0.8096368    
          40   10.17727       1.772354      -10.96190    
          40  -6.865422      -1.416900       3.905438    
          40   5.361545      -7.259123       12.34196    
          40  -5.877729      -9.303378      -4.010368    
          40   11.30732       10.59145      -9.901006    
          40   13.90341       11.32460       2.270242    
          40   9.396779      -3.195367       3.296289    
          40   8.007318      -6.332699       9.783031    
          40   11.92441       10.04407      0.7828035    
          40   13.94779      -12.86926      -12.97449    
          40  -3.432874      -12.43068      -14.13006    
          40  -6.452959       1.125987      -14.13770    
          40   2.428413      -7.834659       5.384473    
          40  -7.513937       9.525757       12.31561    
          40  -13.42239       7.614186       13.19646    
          40   10.73137      -6.252599      -12.80768    
          40   13.35306       10.91911       6.498425    
          40   10.73442       7.565620       6.846248    
          40  -8.426019       5.143431       9.043272    
          40   12.29824      -2.341272      -2.623823    
          40  -8.591264     -0.6143831      -4.445060    
          40   8.728636       8.879664       13.83756    
          40  -12.46700       2.513091      -10.16012    
          40   11.77643      -9.450080      -11.13280    
          40   11.51536       3.915619       13.47884    
          40   1.329216       7.783844      -11.87397    
          40   1.918094      -8.229668       1.420869    
          40  -7.697376       5.988312      -7.936893    
          40  -12.73481      -3.784027      -7.245252    
          40  -7.783785      -6.465707       12.33002    
          40  -12.71527      -3.365065      -10.36108    
          40   3.125839      -12.93592       5.615001    
          40  -13.51715       12.06400       7.666613    
          40  -1.833221       2.901180       8.281281    
          40  -12.04803      7.3920712E-02   12.88155    
          40  -10.56394       5.475597       14.02042    
          40   9.539035      -9.809407       9.889112    
          40  -8.661001      -11.32897       4.610437    
          40  -6.239683      -6.652792      -7.062446    
          40  -7.605321       5.963878      -5.815000    
          40   7.287330      -5.991893       1.217218    
          40   7.093685       4.776132      0.6954985    
          40   3.400341      -12.22174       3.888955    
          40  -1.987119      -4.135475      0.5171378    
          40 -0.4027723     -0.6683411      -4.343386    
          40 -0.6247053      -1.204991      -6.274155    
          40  -9.746900      -2.476231      -13.55933    
          40  -5.048944       5.300665      -12.62720    
          40  -1.695790      -4.704407      -4.551124    
          40  -2.919310      -7.449368       9.541274    
          40  2.4535716E-02  -12.93093       6.090516    
          40   1.465691       5.847917       7.080096    
          40  -10.21164      -10.51972       2.765480    
          40   4.428358      -8.796962      -1.084743    
          40   5.934644       2.106707       3.536851    
          40   6.421154       1.061990      -4.891450    
          40   6.372751      -4.646697       3.738751    
          40   8.105241      5.1034153E-02   6.194573    
          40   6.632970     -0.1749515       8.845022    
          40  -5.901668       5.116868      -5.811090    
          40   4.088142       2.810792     -0.1629879    
          40  -9.940484       13.55877       2.427061    
          40  -3.364919       8.726549       12.90331    
          40  -7.695717       3.147063       13.46955    
          40  -3.404281       1.242812       7.989962    
          40  -7.391793       8.845762       3.652664    
          40  -5.725048     -0.5660621      -8.477820    
          40   12.35468      -12.51769       11.61364    
          40  -11.70743       8.911706       12.67920    
          40  -10.92247      -1.369490       10.27973    
          40  -3.806662      -9.218646       8.465942    
          40  -4.954763       8.615156       13.83012    
          40  -10.90007       2.367707      -1.290000    
          40   3.361897       2.064317       3.696967    
          40  -7.065078      -1.512754      -7.553234    
          40   2.972582       13.71335       10.55698    
          40   4.686458       1.806061      -6.515312    
          40  -6.289994      0.5852044       6.544072    
          40   10.49171       11.87008       11.56691    
          40  -3.817376      -3.741342       3.154177    
          40   12.45772       6.428609       7.608626    
          40  -1.194983       13.83921      -1.664988    
          40  -5.595541       6.687641      -4.322701    
          40  -8.633986       9.734562      -13.60430    
          40  -9.486485       12.44631      -5.772540    
          40   13.23335      -9.092333      0.3617590    
          40  -14.13303       8.204785       9.604022    
          40  -10.96712      -13.80949      -1.594924    
          40  -6.366015      -10.77931       4.583431    
          40  -1.591298       1.741827       1.520312    
          40  -11.51715       2.559145       4.698053    
          40   10.76672      -7.131895      -8.576378    
          40   4.111448      -4.044032       8.414067    
          40  -6.742660     -0.6833587      -5.491380    
          40  -13.70907      -13.95831     -0.3294564    
          40   12.35240      -12.48759      -3.632622    
          40  -7.494332       13.31481      -14.10882    
          40   11.92371      -6.817595      -13.97709    
          40  -12.19396      -8.095057       2.168444    
          40   8.596591      -12.70101       5.645596    
          40  -5.388803      -12.51532       1.011776    
          40   9.923708       8.268476       8.677368    
          40  -3.440721       13.28005       1.284832    
          40   4.964948      -8.818872      -4.437253    
          40   12.30781      -2.718642      -7.490122    
          40   8.728024       5.097267      -13.59375    
          40  -5.600240       3.915582      -1.016295    
          40   2.204560      -1.618706      -4.386905    
          40   6.507166      -8.924603       14.11856    
          40  -4.379558       5.154455       2.831064    
          40  -11.99229      -13.12853       13.43262    
          40  -13.71877      -5.129907      -8.093751    
          40  -8.901221       3.893734       6.172639    
          40   7.783998       7.937808       12.29169    
          40   11.54836      -10.33519       5.285767    
          40  -8.791534      -13.83275      -7.491279    
          40  -1.794161      0.8373419      -13.40164    
          40  -11.75581      -3.497133       1.516939    
          40   10.40446       4.111244       9.839922    
          40  -12.73946       11.80325      -5.785904    
          40   10.25478      0.1372955      -11.91160    
          40   1.188413      -10.26612       12.23685    
          40  2.5042295E-02  -6.337427      -12.58845    
          40  -1.835938       4.771824       13.24473    
          40   4.921079       7.908349       12.47178    
          40  -5.841631       7.468332       8.647930    
          40  -13.51918       10.15713      -1.010988    
          40   10.36596      -9.343720       4.084182    
          40   2.248439       8.386947       7.545247    
          40  -4.673572       8.099871      -12.34015    
          40   1.551045       12.76309      -5.912042    
          40  -5.426961      -9.977867      -10.01346    
          40  -6.860175       1.437586      -2.788140    
          40 -0.1103019       6.854789       13.60865    
          40  -1.031482      -1.161534      -12.00908    
          40   9.548265       8.965174       3.231728    
          40   5.971326       9.607735       13.29704    
          40  -3.857546       1.281919       2.643590    
          40 -0.2635664       12.83797       3.410978    
          40   10.04494       12.69325       3.863911    
          40  -4.869347      -1.046771       11.28006    
          40  -6.410106       3.100737      -9.763318    
          40   1.089998      -13.81917       13.78405    
          40  -11.99419      -13.52276       10.68876    
          40  -2.656070      -10.05884       5.063890    
          40   9.381279      -4.924392      0.3056104    
          40  -6.726157       4.338327       8.885571    
          40  -2.349489       5.667724      -5.563331    
          40   2.029871      -1.292557      -2.551142    
          40   3.594486      -13.22301      -1.640074    
          40  -10.33858       1.170727       5.934603    
          40   11.80126       4.832234      -8.486825    
          40   8.101840      -13.26126       3.216889    
          40   6.809676      0.5541724       1.598192    
          40   11.68005       13.68338       12.53776    
          40   3.982756      -13.53553      -11.14892    
          40   8.204032      -13.87947     -0.6387337    
          40   8.621326      -11.20500       2.731147    
          40  -3.705651       6.696620       10.38936    
          40   4.380884       4.303822       9.172400    
          40  -8.691970      -9.023238       1.445459    
          40   4.804621      -1.259844      -5.774196    
          40   8.213917      0.1542778      -4.918736    
          40   8.416286       5.425470      -2.596299    
          40 -0.8994274      -12.17622      -5.534687    
          40   3.325056       3.165126      -5.101263    
          40   12.40817       2.977833      -8.301404    
          40   11.18901      -12.83786       5.005381    
          40   5.884847       14.11329      -1.608250    
          40   1.712085      -6.390716      -1.073874    
          40   3.443182       4.797835      -1.071747    
          40  -7.590667      -7.099334       5.148257    
          40  -11.74650       7.041573       2.048421    
          40 -0.2317486      -6.251568      -4.846928    
          40   10.87978      -12.52914       2.336993    
          40   9.317463       4.114489       4.905380    
          40  -7.562794       7.742183       8.920125    
          40   3.527321       2.627186      -2.529945    
          40  -7.731122      -4.364022      -3.860031    
          40  -2.115662      -7.430457      -10.73872    
          40   8.395844      0.3620087      -11.09371    
          40  -4.009249      -4.132748      -5.793921    
          40  0.9215519      -4.511733       7.865417    
          40  0.6384253      -7.036331       13.64472    
          40   3.538482      -10.57525      -7.860390    
          40   1.295895       3.171072     -0.8255251    
          40   8.331674       13.93015       10.22456    
          40   3.287525      -2.659966       9.886712    
          40  -12.86545       4.050460      -11.92941    
          40   12.93826       10.66102       4.690238    
          40   13.16914      -1.458155      -11.12737    
          40   4.677478       3.784904      -8.870070    
          40   13.41510       6.823737      -6.397826    
          40   1.389807      -5.046315      -13.77608    
          40  -4.299802       6.627325      0.8382068    
          40 -0.4916035      -9.760302     -9.7892158E-02
          40  -9.065679       6.974951      -3.843422    
          40   3.284600       4.838441       12.80103    
          40  -6.336726      -5.055897       12.93227    
          40  -3.817628      -10.75831       3.893758    
          40   13.77437      -13.80269      -9.749619    
          40  -12.66500       11.32553       4.164000    
          40   10.47625      -5.034081      -1.557163    
          40   9.047969       6.793546      -10.81145    
          40  -9.331599      -9.607678       5.860112    
          40  -9.733750     -0.2077874       12.80565    
          40  -5.721128       9.321360      -5.222567    
          40   13.21309      -13.27625       9.658708    
          40   5.933581       5.012005      -9.720014    
          40  -8.519335      -7.166151     -0.5130668    
          40  -4.575241     -0.3482071       14.06690    
          40   1.910409       8.503052       2.305775    
          40  -8.499756      -9.354609      -2.760643    
          40   13.46392       3.394665      -10.28829    
          40  -5.254741      -8.327690      -13.72338    
          40  -7.030370      -11.73154      -7.757511    
          40  -9.049963      -5.128410       6.467455    
          40   9.685908       11.13301      -10.47851    
          40   12.47569      0.5755304      -12.31252    
          40   5.458891     -0.6341374       12.18272    
          40  0.2410396      -2.604542       11.07675    
          40  0.9607155      -9.758808      -5.635980    
          40  0.8505797      -6.285166       5.453149    
          40   12.50205      -5.206101      -7.659176    
          40   3.487757      -5.606057       11.49765    
          40  -3.058661       7.238432       11.95704    
          40   1.134667       3.440159      -8.970316    
          40   11.42600      -13.21096      -9.272729    
          40  -11.05509       11.73863      0.1912508    
          40  -4.013054      -6.237265       3.454003    
          40   7.411264      -3.132607       3.883245    
          40   9.927545       5.897837      0.3967583    
          40   11.23645       1.560475      0.5192006    
          40   9.117610       9.341751      -12.27415    
          40   3.349256      -3.749060      -13.44596    
          29   3.177696      -8.571233       7.670090    
          29  -8.024495      0.8962057      -6.047169    
          29  -4.985989       1.473313      -6.217374    
          29  -2.118519      -10.88239     -0.6576169    
          29   9.202669      -1.705992      0.6632009    
          29   8.096831       2.796109       1.193748    
          29  -10.43443       13.38452      -10.84920    
          29 -0.6511006       10.69100      -12.63939    
          29 -0.1368838       10.29367       2.259375    
          29   10.61854       6.303551       9.539064    
          29  -4.206386       12.60576       8.637852    
          29   10.12774      -4.077330       7.305238    
          29   1.548646      -11.47206       7.745609    
          29   4.812756      -1.330965       8.288486    
          29  -6.572248     -0.3192468       9.561719    
          29  -13.87666      0.3498938       4.557133    
          29   12.87850      -2.900309     -0.6718040    
          29   12.43454      -6.111266      -4.377923    
          29  0.7712334      -13.70913     -0.5878072    
          29   1.060368      -2.809864       9.505441    
          29  -3.410163      -9.952245      -4.818763    
          29   1.612099       7.433270       12.13832    
          29   3.472201       10.90162       13.19563    
          29  -8.224144       6.993225      -12.60274    
          29  -10.40425       11.44511       5.529079    
          29   2.757604      -4.824787      -2.948404    
          29  -5.679763       11.01774       10.30402    
          29   10.18141       1.364152       2.812252    
          29  -8.025764      -11.89408       1.661616    
          29  -11.11676       3.832098      -8.652363    
          29  -9.573553       2.637562      -7.888942    
          29   10.36100      -12.50218      -5.851829    
          29  -10.21545       4.491159      -11.86586    
          29  -4.705334      -5.037749      -8.890827    
          29  -10.62323      -5.829425       8.088675    
          29   1.908058      -10.46613       9.452603    
          29  -12.00554       4.360769       8.589206    
          29   8.179675       7.918520       6.882122    
          29   9.663282       6.934032      -3.490741    
          29  -12.10112       2.510662      -12.91796    
          29   5.491551      -13.46232       4.323106    
          29  -3.472008       4.820587       6.039168    
          29  -7.663149      0.1642704      -9.452533    
          29  -6.929343      -9.446504       2.678661    
          29  -5.296717      -12.39870      -11.65366    
          29  -9.329634      -7.853410       3.786652    
          29   2.328205       13.02355       13.68666    
          29  2.9377177E-02   8.053766      -10.15693    
          29   13.86152      -4.293297       9.387500    
          29  -1.909779       7.832301      -5.225315    
          29  -5.009648      -3.740048       11.08360    
          29  -7.289352     -0.4659258      -14.00492    
          29  -1.969324      -9.550168      -6.605332    
          29   10.66864      -6.168898      -5.214078    
          29  -13.80906      -3.128769      -13.50928    
          29  0.1638292       5.704428       5.265978    
          29  -1.943748       12.46456       9.738612    
          29  0.2192225      -8.011694      -3.573856    
          29  -10.29924      -1.285188       1.746399    
          29  -10.92517       7.061842      -11.02240    
          29   13.56561       4.385140       5.853742    
          29   4.975328      -10.10641      -5.993477    
          29   9.705392      -13.17695      -3.146966    
          29   1.517595       8.681880       10.20926    
          29   4.120347      -11.85733     -2.0617783E-02
          29  -7.337754       13.34541     -0.7489715    
          29  -3.018257      -7.651256      -5.234427    
          29  -13.04638      -12.01720       1.437414    
          29 -0.3141484       1.701775      -5.985996    
          29  -12.12909       7.262529      -2.770153    
          29  -1.573115       8.881623       5.039797    
          29  -11.53745       1.129427      -9.101969    
          29  -2.733967       7.382624      -2.609554    
          29  -11.84222       12.92178       13.53813    
          29   8.470484       9.190192       10.51266    
          29  -6.746599      -12.15656       9.302009    
          29  -9.352035       1.217247       8.309207    
          29   2.339404       12.87416       1.915590    
          29   7.518489       4.514049      -6.768122    
          29   11.90913       12.64890      0.2845225    
          29   8.958644      0.8416478       8.681123    
          29 -0.9380935      -11.02693       10.96770    
          29  -6.156945       11.26423      0.7877253    
          29   10.37768      -10.80011      -4.177442    
          29   11.60406      1.0097980E-02  -6.741572    
          29  -8.650322      0.8614411       4.052290    
          29  -9.425797       4.472985      -8.994683    
          29   9.712218       5.514261      -6.820633    
          29   5.038471      -2.993148       13.38186    
          29 -2.7629986E-02   8.001934       6.097768    
          29   6.895694       4.613192       4.690404    
          29  -3.466201      -8.856623      -12.52476    
          29  -2.274909       5.669412       4.799237    
          29   4.380994     -3.9223701E-02   10.27403    
          29 -0.6429209      -12.22192       1.994075    
          29  -11.42809       7.184725      0.2442818    
          29   10.76664      -3.744166       9.849131    
          29  -11.40576      -11.11128      -11.87045    
          29   1.242823      -9.006714      -11.03885    
          29   13.69708      -3.259303       4.269455    
          29 -0.9312739      -2.548617      -2.625485    
          29   3.808108      -2.009162      -10.29086    
          29  -11.70436      -10.21838       9.654428    
          29   5.883887       13.79361      -11.19414    
          29   5.750663      -3.776694      -6.896308    
          29  -8.035322       12.10018       8.620909    
          29   5.398312       3.204519       11.49833    
          29  -4.100111       6.905157      -11.18070    
          29   5.632220      -7.040053      -12.10447    
          29   6.525406      -14.07440      -7.489712    
          29   7.824103       2.554145      -5.606265    
          29   11.44141       5.753192       12.43594    
          29  -11.02806       12.45604      -8.763803    
          29  -2.932006       1.171988      -7.089057    
          29  -4.265570      -2.659707     -0.8190389    
          29  -3.019881      -13.28529      -11.22816    
          29  -8.844344       5.439587       4.407116    
          29  -2.369258       2.987087      -5.596981    
          29  -11.25834      -3.011942      -4.846220    
          29  -11.29570      -8.163563      -11.35413    
          29 -0.7554348      -5.558558       2.323026    
          29   3.371580      0.4913728       8.823826    
          29  -3.171688      -3.476043       10.78164    
          29   1.976122      -12.08723      -4.148252    
          29  -5.432853      -7.656895       8.784129    
          29  -9.609934      -12.45130       6.300330    
          29   11.17048       8.477687       12.89221    
          29  -11.91925      -6.593781      -4.980497    
          29   8.493239      -2.264289      -8.319077    
          29   9.247987       4.172330      -10.73623    
          29  0.8818551      -1.059456      -7.205332    
          29   12.02979      -6.973983      -2.399343    
          29   10.28537      -8.512749       8.607423    
          29  -7.063153       1.482535      -8.120383    
          29   11.55795       7.235126      -6.981248    
          29   11.64596       13.85215      -13.38539    
          29   7.653288       4.893446       2.625913    
          29  -8.718969      -1.833427       9.672379    
          29  -13.27330      -7.902150      8.5009098E-02
          29   13.98534       10.88127       9.437031    
          29   13.52326      -8.715154      -7.040419    
          29   12.46910       9.968552      -11.81553    
          29   12.62605      -4.357339      -2.693542    
          29   12.10396     -0.6084948       12.64878    
          29   12.34628       13.81650      -3.399315    
          29   2.917598       5.773468      -4.711224    
          29  -9.886988      -10.46329      -7.805998    
          29  -2.885467       9.763176      -12.21074    
          29   11.44841       11.11407      -4.540143    
          29   10.03228      -6.921272       12.34478    
          29   10.12976       12.52424      -8.672776    
          29  -11.84618      -6.231950       12.46706    
          29   11.01511       11.28171       5.266488    
          29  -9.940475      -7.232137       6.088072    
          29  -8.541220       5.694547       10.74082    
          29  -7.042642       13.44312       9.607524    
          29  -1.622786      -4.851262       11.04116    
          29  -3.208905       10.73425      -5.634429    
          29   10.46924      -4.572082       13.16925    
          29   3.122528      -2.184400      -6.130377    
          29   13.36520       11.61734      -5.095653    
          29  -10.15246      -5.583632       2.239130    
          29   4.072820      -7.646827       9.178296    
          29  -12.13696       12.79084       3.023711    
          29   7.696171       4.491789       7.457602    
          29   9.569208     -0.4555079      -13.83642    
          29  -9.459373      -5.877341      -11.27466    
          29  -2.904654      -5.308590       8.909781    
          29   11.23619       13.02401      -10.61368    
          29   6.084942       2.364975      -12.28325    
          29  -13.17377       4.151693       13.00426    
          29  -2.150707       10.61547       6.000377    
          29  -8.074568      -13.35853       12.36777    
          29  -10.96406       11.44388       7.570541    
          29   9.146206      -4.932037      -8.076642    
          29   13.83327      -2.082361       7.391164    
          29   1.598756       13.58355       11.83450    
          29   8.538788      -8.555766      -10.92257    
          29  -11.52748      -1.808891       8.431933    
          29 -0.7113239      -4.607793       12.91797    
          29   4.583605      -4.818436      -11.53909    
          29  -5.973628      -5.984839      -11.74798    
          29  -8.466225       2.613781      -9.819280    
          29  -5.949704      -6.527851      0.1304416    
          29  0.2844155      -1.211308       13.93237    
          29  -1.201029       6.018885      -1.088504    
          29  -8.584047       5.769369      -2.547196    
          29  -13.22501      -1.165031      -2.237302    
          29  -8.140291      -7.412450      -7.095757    
          29   12.25805       4.426910      -6.626149    
          29  -4.222377       2.801358      -11.67140    
          29   2.275061      -1.844435       11.94180    
          29   11.83685      -7.754120      -6.680073    
          29  -2.504513      -13.85526       11.19171    
          29  -7.627033      0.4617651       8.344987    
          29   3.912812       7.563672       5.560950    
          29  -4.810586      -6.528325       12.59091    
          29   6.374397       9.945357       4.507985    
          29  -11.51476      -8.470578      -3.370998    
          29  -8.720077       2.506743      -1.321182    
          29   11.27072       5.283962      -4.907054    
          29   7.349643       11.23543      -9.077834    
          29  -1.222170      -10.36817      -9.521218    
          29   4.503738      -10.76179       12.71095    
          29   13.57545       6.524904      -12.51315    
          29  -10.20038      -12.42315       2.435473    
          29  -7.446198       11.73075       11.39546    
          29  -6.829957      -13.48487       3.811861    
          29  0.2378561       9.982242      -11.08282    
          29   12.23934      -3.068315      -11.79354    
          29   6.286387      -10.90936       12.52738    
          29  0.3125308       5.232090      -13.04454    
          29   6.265302       10.62542      -10.66539    
          29  -10.36940      -3.693534       10.19905    
          29   4.125760       12.93201       12.12582    
          29   1.230168      -5.181060       12.52831    
          29   10.46702      -12.99572       7.751090    
          29  -9.846914      -6.130215       13.09173    
          29  -13.90396      -4.545252      -12.29725    
          29   4.039949     -0.3895719      -11.59924    
          29  -6.361416      -5.117461      -2.338262    
          29 -0.5821797       5.628415      -9.374332    
          29  0.5251136       5.003609       2.612846    
          29  -2.232842      -2.253992       4.784286    
          29   2.474511       11.27669       8.466897    
          29   11.19333      -7.764324       1.755132    
          29  -3.223690       2.072608       4.351596    
          29  0.9891061      -10.70025      -9.253129    
          29   8.469323      -2.445462       12.78625    
          29   12.88371       4.514658       3.140026    
          29  -7.866246      -13.94881       7.897106    
          29   2.840340      -12.61597      -7.479852    
          29  -7.684824     -0.9445354       10.85686    
          29   12.07054       2.407898       6.988970    
          29 -0.1521653       7.562021     -0.3519585    
          29  -13.76505      -6.075135       9.838830    
          29  -3.068399      -1.972355      -11.28012    
          29   8.216890      -1.967719      -1.266762    
          29  -8.813114       3.417803       11.45527    
          29  -1.522804       3.450429       10.65849    
          29  0.3031634      -5.445298      -2.678063    
          29  4.4422910E-02   3.560837      -3.808632    
          29 -0.6729071      -11.90685       8.792277    
          29 -0.4481147       8.376528       8.060116    
          29  -2.745326       13.05618       4.960489    
          29   2.919088       13.76231       3.358293    
          29  -11.74844      -14.13651      -6.584725    
          29  -11.01155       12.77530       9.306640    
          29  -11.90317       9.222575       3.103025    
          29   9.424789       9.003806      -2.980079    
          29   8.960504       10.68751       6.397954    
          29   13.67101       12.30337      -11.30587    
          29  -3.184007       11.39575       11.28942    
          29  -2.404328       7.441630     -0.5416662    
          29  -8.468276       11.54614       5.892510    
          29  -12.33236      -12.19337      -5.304018    
          29  -8.930744      -2.753659      -1.529561    
          29   5.175640       5.052107      0.7878605    
          29   3.763031       4.769708       1.993033    
          29  -11.35028      -10.03482       11.48285    
          29   1.125979       4.655382      -10.99831    
          29   3.861165       13.98281       14.06271    
          29   9.403879       12.09482       8.175423    
          29  -11.42296       4.594327      -3.349448    
          29  -11.91210     -0.5956926       6.797202    
          29  -9.499120       9.403949       7.421693    
          29   10.48259       11.07732      9.3404084E-02
          29 -0.8743063       1.106584     -0.3466487    
          29  -4.963981     -0.6599725      -2.068131    
          29  0.9902987      -8.268728      -1.446819    
          29  -13.60725      -2.429829       10.95840    
          29   3.566482       9.782915      -12.84284    
          29   10.83167       13.18219       9.250726    
          29   8.392678       7.670543      0.6575153    
          29  -2.874137      -9.032590      0.4503610    
          29   7.315949      -5.372200      -8.241287    
          29  -9.891533      9.3797743E-02  -2.650281    
          29  -13.96041       14.13651       12.47132    
          29  -2.176703       8.907302      -9.133797    
          29   4.918091       5.183325       4.699519    
          29   5.912894      6.2995404E-02  -11.80758    
          29  -6.175546       1.769651     -0.1214901    
          29  -6.871465      -5.668073       7.922127    
          29   1.773351       11.22135      0.7779151    
          29   5.541304      0.4295703       4.875077    
          29   6.940168     -0.2112260      -6.721565    
          29   4.648656      0.6952758       7.201325    
          29   2.370420       9.214144      -10.08695    
          29   8.507085      -10.40015      0.2639353    
          29  -7.634026       6.954826      -10.82897    
          29   11.75891       1.461233      -2.152851    
          29  -2.386492       10.21636      -7.260587    
          29  -4.950221       11.74410      -9.083163    
          29  -13.02952      -7.083719      -2.409298    
          29   7.805816       5.913405      -11.89845    
          29   1.691685      -10.64457     -0.8217162    
          29  -4.231691      -3.466672       7.841377    
          29  -11.15207       4.639398       2.323072    
          29  0.8533199       9.072771       4.200966    
          29   13.82595      -7.495993      -12.82780    
          29  -3.733085       11.65446       5.531721    
          29   6.262885     -0.9573785       13.79111    
          29  0.6256564       2.319171       13.37280    
          29   7.925127      -2.088738      -11.31482    
          29  -5.002240      -11.60154      -5.947466    
          29  -8.591546       7.403271      -5.536994    
          29   3.201888       1.902545       5.855324    
          29   7.076332      -9.036401     -0.7053413    
          29  -2.251223       1.767365       10.20591    
          29  0.1712750      0.5277261      -8.263764    
          29   7.951861       1.554300       11.83127    
          29  -1.812912       13.68521      -9.254302    
          29   14.06411       1.322724       2.484179    
          29  -10.62136      -1.423600      -1.670353    
          29   2.769276      -7.201556       12.82004    
          29  -13.76630       12.22634      -3.245713    
          29   5.218342       8.857368      -4.167325    
          29  -2.972144       2.815350      -8.095340    
          29  -13.04566      0.5223341       10.24236    
          29   4.384047       7.946960      -5.446989    
          29  -9.366342       12.06722      -8.094967    
          29   7.789632       12.13334       3.106509    
          29  -4.236344      -9.314150       10.91706    
          29  -11.57761      -11.43814      -9.367817    
          29   7.148303      -2.533971       6.702310    
          29  -8.188115       4.681020      -10.31273    
          29  -3.013024     -0.6540306      -12.73413    
          29   12.53514     -0.4143218       3.198193    
          29   3.471588       2.071046       10.46342    
          29  -9.230273       9.151762      -1.461278    
          29  -6.922271      -8.581937       9.339188    
          29   2.159216      0.2136999      -6.548709    
          29  -2.489486      -4.219340       6.814660    
          29   10.24333      -6.784735     -0.9562024    
          29   8.681848      -8.728409      -2.904313    
          29  -12.90341       7.364395      -6.668979    
          29 -0.9642412       4.433607      -10.76962    
          29  -6.347725      0.1254718      0.7481638    
          29 -0.3079730       5.986185       8.848076    
          29   2.621807      -2.409316       2.226872    
          29  -7.975164       5.814142       6.283402    
          29   10.29301      -6.539259       3.139195    
          29  -3.089699      -13.75398       3.207200    
          29  -6.599754      -13.78845       11.39392    
          29  -3.970464       13.50552       10.17995    
          29   3.410667      -13.76056      -3.361695    
          29   3.132315      -12.76486       9.686971    
          29 -0.8313308       13.46544      -13.82631    
          29   13.32940      -11.50644       5.997473    
          29   9.638257       4.373141       7.835222    
          29  -8.768685      -5.016536      -2.279230    
          29  -9.370149      -13.14221       10.19223    
          29  -4.654137       11.58735       12.97031    
          29  -13.77923      -10.88853       4.034266    
          29   2.357052       4.234450      -2.808073    
          29  -5.262872       2.465481       4.845010    
          29  -1.592108       10.97678      -10.41698    
          29  -13.82510     -0.1433781      -13.38558    
          29   1.981891       1.696209      -3.963210    
          29   6.977551      -3.492039      -9.492459    
          29   2.886304       1.203365       12.38917    
          29 -0.6870926       10.86700       4.589989    
          29  -7.962866      -2.927544      -6.610643    
          29  -7.854562      -13.98215       5.828341    
          29   6.313307       11.11943      -7.428263    
          29  -11.14774       13.98778      -12.97624    
          29  -12.65372      -9.994618       2.760006    
          29  -4.319351      -4.089680      -12.38214    
          29  -8.587715       2.496810       9.263594    
          29  -2.923285       2.394719     -0.4664018    
          29  -11.30532      -1.266334      -5.721918    
          29  -8.051826       11.34231      -9.703835    
          29  -13.74778      -10.63127       8.541197    
          29  -4.739684      -1.688125      -12.22985    
          29  -4.982276      -6.046008      -13.62529    
          29  -12.86421      -11.23813      -10.77322    
          29   7.133312      -1.533527      0.9483579    
          29   13.79025      -9.200268      -13.32775    
          29  -9.295134       11.35091      -3.749747    
          29  0.3710668      -9.096081      -13.06281    
          29   1.146208       4.786109      0.7570608    
          29   9.804749      -2.034779       6.459267    
          29  -13.51264       10.19987      -3.844789    
          29  -9.112811      -1.901709      -10.72653    
          29  -10.26118      -3.499525       8.236138    
          29  -10.32433       7.970867      -12.85800    
          29   6.053824       6.317554      -5.584991    
          29   13.15036      -3.520070      -4.206037    
          29   2.039768      -1.538279      -9.651420    
          29  -1.518607       13.41126      -4.259312    
          29  -11.75994       1.285700       8.719658    
          29   9.606421       3.604724      -3.624929    
          29   2.949662       1.518683      -8.308317    
          29   9.967989       7.396902      -8.919552    
          29  -10.02626      0.4789076      -6.977730    
          29 -1.1739925E-02   10.08066       9.346201    
          29   13.81166      -7.203043       2.078662    
          29   2.437957       5.894633      -10.76087    
          29   3.808611      -10.53303       7.022353    
          29  -4.646349      -11.72795      -7.821277    
          29  -5.367365       10.23602       7.665601    
          29   4.279488      -14.04200      -9.113594    
          29   6.949738       7.865586      -10.66778    
          29  -10.86267      -4.831155      -2.863821    
          29  -12.99607       4.859906     -0.5294936    
          29   3.232422       3.290331      -12.73919    
          29  -9.650559       13.47420       5.054349    
          29   6.015779       12.02856      -1.825368    
          29   3.675187       9.491693       4.224158    
          29   7.229360       8.211426      -5.092246    
          29  -9.785413       5.947723      -10.10030    
          29 -0.7604305      -5.631850      -6.675955    
          29   11.98722      -12.09888      -1.624116    
          29   6.596682      -5.274057       13.49485    
          29   3.711012       3.992614       11.22200    
          29   10.22400       3.580201      -12.53656    
          29   11.14326      0.4033945      -3.742690    
          29   9.738038       9.486071     -0.9148353    
          29   1.159340      -5.285821       10.18003    
          29 -3.7321448E-02  -8.621908       5.777818    
          29   8.881352      -11.88105       13.23965    
          29  -12.24687       5.712677      0.8230897    
          29   5.458949       8.977287      -7.443095    
          29  -3.732980       9.877002      0.8306822    
          29  -6.061265       6.984932      -13.80552    
          29   9.535516      -4.234883      -13.26182    
          29  -1.308947      -7.021549       11.30351    
          29   10.92787     -0.5589308      0.1397658    
          29  -9.870999       5.686891      -5.217588    
          29  -4.595794       10.09865      -8.502605    
          29   4.874933       10.72202       5.528813    
          29   12.16521      -12.94798      -6.574328    
          29   1.600936      0.2869589      -1.220168    
          29  -13.63113       10.65402       13.33743    
          29  -3.518316       3.846464      -2.377717    
          29   6.312365      -1.957698      -7.228901    
          29   4.523263       1.838013       1.383704    
          29   9.390297      -8.828009       13.30812    
          29  -11.21759       12.73670       11.26143    
          29   10.20370      -1.344112      -7.901208    
          29   4.635274      -3.059523       3.448921    
          29  -5.361762       6.356093       6.627263    
          29  -8.373497       1.220423      8.7343931E-02
          29   13.17785       5.825176       13.11244    
          29   13.01415       2.433797      -6.376039    
          29 -0.7728987       1.888911       11.55599    
          29   3.518171       13.41187     -0.1223931    
          29   13.51731       8.287030      -9.768750    
          29  0.6048830      -2.015398     -0.7255955    
          29  -1.238184       4.198972       4.737917    
          29  -13.96999     -0.4152154       2.346123    
          29   6.115056      -10.33709       3.702972    
          29   8.702661      -13.44411      -12.89954    
          29  -5.591178       1.568803       9.589602    
          29  -12.10379      -3.345441       4.043069    
          29  -11.82736      0.4288328      -1.747893    
          29  -1.378855      -2.491730       6.810947    
          29   1.138302      -4.330003      -11.06971    
          29  -7.998663      -8.044570      -4.537118    
          29  -9.951987      -7.970402      -10.12068    
          29   1.187960       1.877952      -7.429234    
          29   7.828607       1.503218      -1.157149    
          29   3.791657       11.60175       3.898493    
          29  -2.198847      -3.796840      -1.798577    
          29  -9.399037       13.29217      -2.212021    
          29  -4.995902      -12.13036       9.628638    
          29   1.087732      -1.553467       3.025225    
          29  -5.866272      -10.48027      0.9024714    
          29   13.88575       5.535545      -1.902955    
          29   2.655451      -8.770399      -7.159341    
          29   10.88744      -2.998947      0.9750208    
          29  -4.156475      -7.133619       7.195294    
          29   2.233851      -4.683495     -0.7717708    
          29  -8.977600      -6.269306       8.653188    
          29   5.593050      -11.93353      -10.81338    
          29  -5.921332      -2.972583      -13.78581    
          29  -9.725289       8.411655      -10.62142    
          29  -5.316431       3.036932       11.85622    
          29  -1.039845      -7.843945      -13.05280    
          29  -11.34261       5.465246      -7.448673    
          29  -10.26516       8.589097       9.143709    
          29  -2.356556       1.154784       5.930758    
          29   1.225839       11.53318       3.891306    
          29   8.002187      -4.583098       7.284088    
          29   1.292804      6.2820315E-02   12.19320    
          29  -7.387172      -9.599251      -9.902195    
          29  -12.98876      -3.251091       6.609312    
          29  -3.424768       7.013985       7.438307    
          29   2.173293      -11.49959       13.04642    
          29  -11.61957       1.802784      -5.022623    
          29   5.173078      -11.77887       6.846194    
          29   4.584739      0.7480644       13.94676    
          29   13.07934      -8.616301       4.265729    
          29   10.46507      0.9960439       6.141030    
          29  -10.30680       7.476278       6.592090    
          29 -0.3131716       1.236595      -3.831445    
          29  -10.77849      -7.617744      -8.160651    
          29   4.750234      -9.820126      -12.98345    
          29   2.661243      -8.953847       11.49288    
          29   8.433253       14.11231      -8.079015    
          29  -6.416201       4.475989      -11.61071    
          29  0.5160273      -10.82612       2.339434    
          29  -13.90131       13.31026      -8.396627    
          29  -6.755714       3.195053      -6.786519    
          29 -9.1340244E-03   13.84322      -9.647148    
          29   1.215611       13.29231       5.386836    
          29  -1.248199      -8.619202       13.20057    
          29   6.226153       6.820426       8.120071    
          29  -10.07271       2.685714      -13.68859    
          29  -7.071829      -11.46117       6.620318    
          29   4.996837      -2.257672      -8.527034    
          29  -13.85896      0.4632127       6.528476    
          29   10.03572      -5.852703      -10.79221    
          29  -12.73067      -8.933649       14.09120    
          29   3.684149       6.411113       6.983727    
          29  -1.783367      -9.752341       9.206467    
          29  -9.634299      -5.978357      -3.952591    
          29  -12.14914      -13.21469      -10.52318    
          29  -13.62094      -5.335873       6.042690    
          29   2.087982      0.3800483      -10.51781    
          29 -0.8752539       10.32356       12.76925    
          29   5.396263      -12.06177      -8.668991    
          29   1.126337       5.710305      -1.937245    
          29   11.52283       11.27468       2.620073    
          29   5.549172      -1.452893       4.545077    
          29  -1.930182       12.85880       11.74222    
          29   3.691394      -6.804044      -5.385874    
          29   10.94903       12.34461      -3.236082    
          29  -4.240359      -1.049792      0.5597296    
          29   8.962749      -11.05583      -11.24246    
          29  -8.439316      -8.124860       10.64482    
          29   3.174911      -6.399294      -7.672641    
          29  -13.87704      -5.199874       13.89633    
          29   2.052750      -6.039244      -10.21196    
          29  0.7429796      -13.97529      -12.33749    
          29   10.23266       7.770928      -13.91650    
          29  -13.52214       6.678217      -4.354688    
          29  -3.484167       11.96109      -10.66675    
          29  -10.73073       5.951865       7.887901    
          29  -10.15140      -1.276489      -7.682258    
          29  -2.021683      -4.172130       3.652640    
          29   6.729019       12.25853       10.86333    
          29   1.104156      -12.02267       10.12607    
          29  -9.019976      -8.465678      -8.434879    
          29   6.354053       3.376954      -7.491152    
          29   2.570750       4.286003       4.854336    
          29   8.540339      -4.671323       5.187284    
          29  -8.838586       12.08330       3.626636    
          29   13.82026      -10.76816      -3.673672    
          29   2.403853       12.04446       10.82724    
          29  -5.891212     -0.9559383       7.409432    
          29  -6.115646      -13.09495       13.16051    
          29  -4.464980       8.079507      -4.740392    
          29  0.3517563      -13.04175      -10.83896    
          29  0.7146488       5.461473      -5.399215    
          29   1.464845      -13.77959       1.128517    
          29   2.600073      -6.990354       10.69999    
          29  -8.977256       5.017940       2.250145    
          29  -13.07318      -13.02744       5.514965    
          29   11.16900      -4.563007      -9.759874    
          29   5.469153       6.567875      -1.392437    
          29  -8.188684       4.388582      -6.662343    
          29  -6.032993       6.596947      -11.92533    
          29  -12.35618       6.479411      -9.607121    
          29  -13.79311       2.517143       6.333272    
          29  -11.48787       10.05249      -3.753045    
          29   12.97215       11.61190      -2.007186    
          29   10.83086       8.983824       10.53026    
          29  0.1047701      -4.042997     -1.7881572E-02
          29  -2.143882      -11.39271      -10.62481    
          29   1.752620       12.53754      -8.878131    
          29  -9.911978       6.788493       3.168848    
          29   9.699798      0.1977351      -8.622639    
          29   12.82303      -1.022634      0.9303575    
          29  0.8227323      -3.836742       5.972881    
          29  -10.38678      -6.813341       9.931952    
          29   5.995398       12.40839      -9.691645    
          29   2.638388       10.33762       6.440799    
          29   4.224560       8.020347      -9.107184    
          29  -5.497955       8.354959       11.15714    
          29   11.31518      -5.480392       11.00593    
          29   4.280412       11.06365       10.02833    
          29 -4.9763650E-02   9.852658       6.933541    
          29  -2.525770       1.444341      -3.155210    
          29   8.591022       11.76509       12.66068    
          29  -1.914038       4.650464      -3.522254    
          29   2.447516      -12.92945      -12.32926    
          29   13.41152      0.5412396       10.02421    
          29   5.448801      -3.110549       10.01832    
          29   2.143367      0.3561994       3.735542    
          29   2.580482      -9.975577      -12.07782    
          29  -6.877871       11.15332      -1.373105    
          29   13.07234       6.996006      -3.165783    
          29   13.83740      0.4516114     -0.5992663    
          29   13.06555       12.85804       11.15771    
          29  -11.23196       13.75977      -3.991024    
          29   6.992332       2.583256       13.81933    
          29  -10.56427       10.94233      -12.68353    
          29  -9.255368       10.87245       1.740954    
          29   6.131692       12.24280       6.258151    
          29  -13.81217      -5.438340      -4.819447    
          29   4.362511      -10.40626      -11.01671    
          29  -5.968055      -2.473285      0.7030050    
          29  0.3753088       11.96039       6.361707    
          29 -0.6071733       11.94760       8.109041    
          29  -3.249718       1.495495      -9.738232    
          29   11.35499      -3.207030      -4.667966    
          29   11.71186       4.679136      7.8483939E-02
          29  -1.709332      0.4960967      -11.19413    
          29  0.4277925      -11.99154      0.5226631    
          29  0.4893644      -13.04119       11.66307    
          29  -3.382944      -11.18695      -9.039123    
          29  -8.880879       13.00125       7.012121    
          29   13.43855       6.019037     -4.5639277E-04
          29   12.72102       14.06530      -11.50294    
          29  0.3176849      -6.855152       3.653257    
          29  -9.502997       3.995497      -3.872018    
          29   2.217879      -7.113438      -3.608108    
          29  -13.60011       4.765084      -7.138869    
          29  -4.009393      -4.052843      -2.148606    
          29  -2.255278      -10.14995       2.166764    
          29   1.865446       4.831277       11.21247    
          29  -1.590215       11.51214      -4.434925    
          29  -9.956031      -9.328811       14.10983    
          29  -10.80083      -7.634572      4.4874549E-03
          29   6.128682      -1.056928      -10.18733    
          29   6.093184      -13.98073      -14.00428    
          29   8.083335       10.80677       4.776713    
          29   4.204271      -6.040515       6.191299    
          29   5.466558      -4.782934      -13.42692    
          29  0.7214271       1.766527      -2.283158    
          29   10.72392       10.63718       8.243373    
          29  -11.71078       1.975976      -7.502898    
          29   3.076372       2.228322      -10.35034    
          29  -10.54889      -10.29827      -4.923374    
          29   12.11403      -6.120226       2.092689    
          29   12.23090       3.703536       9.680987    
          29  -10.26705       2.045661       11.34624    
          29   2.639232       7.361607      -2.561021    
          29   13.28082       3.969246       1.211426    
          29   5.239699       8.420554      -11.55609    
          29   1.397578       10.78204      -12.71576    
          13  -6.854851      -9.301142       7.498874    
          13  -3.345950       11.95400      -8.372931    
          13   7.978093       6.721024     -0.9772704    
          13   8.787458      -6.533738      -8.738900    
          13   11.41467       13.57526      -1.190982    
          13 -0.3552761       3.692714      -6.506628    
          13   8.649005      -13.11721      -9.829597    
          13  -10.86367      -10.34683      0.1752891    
          13  -7.372869       10.75510      -12.11189    
          13  -10.10285      -3.952240      -11.00021    
          13  -7.792058      -5.643517      -5.412930    
          13  -7.203427      -11.31197       11.65154    
          13  -8.582129     -0.9211541       3.950778    
          13   3.190084      -13.20332       11.77596    
          13  -13.95113      -3.555100       2.263941    
          13   3.653379      -12.32467      -9.841960    
          13   11.92845      -5.242243     -0.3771968    
          13 -0.7102107      -8.290895      -7.683210    
          13   6.190037       10.94073      -12.42470    
          13   9.044345       5.245716      -5.007961    
          13   3.558823      -8.451405      -12.06555    
          13  -4.721832       13.58336       13.00396    
          13 -0.9116777       2.599944      -11.18509    
          13   11.59149       3.077339       4.899542    
          13   13.17939      -13.26550      0.5000354    
          13   7.036159       10.92408       8.225716    
          13  -8.952569      -14.10692      -9.596982    
          13  -3.964543       5.188755       8.360229    
          13   6.395732      -7.922484       1.445092    
          13  -1.164348      -6.303795      -14.08658    
          13   6.770207      -4.691651      -4.010471    
          13   9.763370      -4.501303      -3.387611    
          13   9.995097       5.711788      -12.36448    
          13   5.146344      -12.37994      -4.960873    
          13   4.284280       6.123593      -12.55266    
          13  -9.482642       9.699659       5.652138    
          13  -13.62376       2.547813      -5.563665    
          13   12.62185     -0.4362425       5.214938    
          13   3.584297       3.205537       7.485176    
          13  -3.705400      -9.180907       13.67383    
          13   2.942724       13.17882       8.031473    
          13  -8.440170       9.732261      -5.182682    
          13   11.36930      -11.74237       13.78664    
          13  -6.455065      -6.542053      -9.448586    
          13  -1.661171       12.66360      -7.386082    
          13   11.57881      -6.740069      -10.86653    
          13   1.582654      -12.86573      -2.333413    
          13  -5.492277       2.882709       14.03269    
          13 -0.6246057       6.950764      -2.932074    
          13  -2.777634       11.80189       3.502897    
          13  -10.54251      -8.582680      -1.561117    
          13  -7.994720       5.934533       13.82580    
          13 -0.5123580       13.59728       10.37543    
          13  -13.77053       9.177700       5.849628    
          13 -0.6931692       2.003917      -8.911643    
          13   4.917023       10.16577       2.105495    
          13  -5.333087       13.97452       3.227491    
          13  -11.95098       8.339437       7.850712    
          13  -3.482827       2.749279      -4.159165    
          13 -0.2158750       11.52379       11.17216    
          13   12.02765      -8.076594       5.895848    
          13   9.707273      -2.599212      -12.29082    
          13  -11.12539       4.279338       12.26097    
          13  -3.929151      -8.586392      -6.800513    
          13  -6.878275       2.772511       10.39425    
          13  -12.04757       11.31016       9.676418    
          13   13.58013      -10.70305       12.63954    
          13   10.32228      -11.56932       10.90477    
          13   1.039292      -3.732337       2.566034    
          13  -12.02505      -9.395778      -9.974994    
 -1
