  0.3546380      0.1173434    
  0.3655500      0.1650336    
  0.3764619      0.1860400    
  0.3873739      0.1807944    
  0.3982858      0.1663076    
  0.4091977      0.1619945    
  0.4201097      0.1609824    
  0.4310216      0.1531757    
  0.4419336      0.1338403    
  0.4528455      0.1187311    
  0.4637575      0.1145422    
  0.4746694      0.1059585    
  0.4855813      8.9755058E-02
  0.4964933      7.5128436E-02
  0.5074052      6.6331267E-02
  0.5183172      5.6200743E-02
  0.5292291      5.2512765E-02
  0.5401410      5.6867123E-02
  0.5510530      6.0680628E-02
  0.5619649      6.0459733E-02
  0.5728769      6.0306072E-02
  0.5837888      5.6155562E-02
  0.5947008      5.2056074E-02
  0.6056127      4.7771573E-02
  0.6165246      4.4768333E-02
  0.6274366      4.2592525E-02
  0.6383485      4.2765260E-02
  0.6492604      4.5665383E-02
  0.6601723      4.8885226E-02
  0.6710843      4.7701120E-02
  0.6819962      4.5916557E-02
  0.6929082      4.2746902E-02
