           1  3.9999999E-02   12.63181    
           1  7.9999998E-02   11.74474    
           1  0.1200000       10.72916    
           1  0.1600000       9.852307    
           1  0.2000000       9.161596    
           1  0.2400000       8.598623    
           1  0.2800000       8.103904    
           1  0.3200000       7.642900    
           1  0.3600000       7.197981    
           1  0.4000000       6.760855    
           1  0.4400000       6.329364    
           1  0.4800000       5.905394    
           1  0.5200000       5.492881    
           1  0.5600000       5.096287    
           1  0.6000000       4.719668    
           1  0.6400000       4.366233    
           1  0.6800000       4.038201    
           1  0.7200000       3.736821    
           1  0.7600000       3.462455    
           1  0.8000000       3.214714    
           1  0.8400000       2.992594    
           1  0.8800000       2.794629    
           1  0.9200000       2.619027    
           1  0.9600000       2.463797    
           1   1.000000       2.326867    
           1   1.040000       2.206168    
           1   1.080000       2.099713    
           1   1.120000       2.005642    
           1   1.160000       1.922265    
           1   1.200000       1.848072    
           1   1.240000       1.781747    
           1   1.280000       1.722159    
           1   1.320000       1.668350    
           1   1.360000       1.619523    
           1   1.400000       1.575020    
           1   1.440000       1.534303    
           1   1.480000       1.496935    
           1   1.520000       1.462562    
           1   1.560000       1.430894    
           1   1.600000       1.401697    
           1   1.640000       1.374772    
           1   1.680000       1.349955    
           1   1.720000       1.327101    
           1   1.760000       1.306083    
           1   1.800000       1.286787    
           1   1.840000       1.269106    
           1   1.880000       1.252938    
           1   1.920000       1.238189    
           1   1.960000       1.224766    
           1   2.000000       1.212581    
           1   2.040000       1.201549    
           1   2.080000       1.191585    
           1   2.120000       1.182611    
           1   2.160000       1.174549    
           1   2.200000       1.167326    
           1   2.240000       1.160872    
           1   2.280000       1.155121    
           1   2.320000       1.150010    
           1   2.360000       1.145479    
           1   2.400000       1.141473    
           1   2.440000       1.137941    
           1   2.480000       1.134836    
           1   2.520000       1.132112    
           1   2.560000       1.129729    
           1   2.600000       1.127650    
           1   2.640000       1.125841    
           1   2.680000       1.124271    
           1   2.720000       1.122912    
           1   2.760000       1.121739    
           1   2.800000       1.120728    
           1   2.840000       1.119860    
           1   2.880000       1.119116    
           1   2.920000       1.118480    
           1   2.960000       1.117939    
           1   3.000000       1.117478    
           1   3.040000       1.117088    
           1   3.080000       1.116757    
           1   3.120000       1.116478    
           1   3.160000       1.116244    
           1   3.200000       1.116047    
           1   3.240000       1.115882    
           1   3.280000       1.115744    
           1   3.320000       1.115630    
           1   3.360000       1.115534    
           1   3.400000       1.115455    
           1   3.440000       1.115390    
           1   3.480000       1.115336    
           1   3.520000       1.115292    
           1   3.560000       1.115255    
           1   3.600000       1.115226    
           1   3.640000       1.115201    
           1   3.680000       1.115182    
           1   3.720000       1.115165    
           1   3.760000       1.115152    
           1   3.800000       1.115142    
           1   3.840000       1.115133    
           1   3.880000       1.115127    
           1   3.920000       1.115121    
           1   3.960000       1.115117    
           1   4.000000       1.115113    
           2  3.9999999E-02   28.64051    
           2  7.9999998E-02   27.70899    
           2  0.1200000       26.42441    
           2  0.1600000       24.99568    
           2  0.2000000       23.53038    
           2  0.2400000       22.06114    
           2  0.2800000       20.60131    
           2  0.3200000       19.17177    
           2  0.3600000       17.79905    
           2  0.4000000       16.50620    
           2  0.4400000       15.30799    
           2  0.4800000       14.21097    
           2  0.5200000       13.21553    
           2  0.5600000       12.31828    
           2  0.6000000       11.51385    
           2  0.6400000       10.79603    
           2  0.6800000       10.15837    
           2  0.7200000       9.594343    
           2  0.7600000       9.097421    
           2  0.8000000       8.661039    
           2  0.8400000       8.278608    
           2  0.8800000       7.943591    
           2  0.9200000       7.649604    
           2  0.9600000       7.390546    
           2   1.000000       7.160734    
           2   1.040000       6.954990    
           2   1.080000       6.768720    
           2   1.120000       6.597939    
           2   1.160000       6.439282    
           2   1.200000       6.289957    
           2   1.240000       6.147714    
           2   1.280000       6.010779    
           2   1.320000       5.877789    
           2   1.360000       5.747725    
           2   1.400000       5.619851    
           2   1.440000       5.493660    
           2   1.480000       5.368821    
           2   1.520000       5.245140    
           2   1.560000       5.122521    
           2   1.600000       5.000945    
           2   1.640000       4.880444    
           2   1.680000       4.761086    
           2   1.720000       4.642961    
           2   1.760000       4.526172    
           2   1.800000       4.410830    
           2   1.840000       4.297048    
           2   1.880000       4.184934    
           2   1.920000       4.074597    
           2   1.960000       3.966139    
           2   2.000000       3.859653    
           2   2.040000       3.755228    
           2   2.080000       3.652944    
           2   2.120000       3.552873    
           2   2.160000       3.455079    
           2   2.200000       3.359620    
           2   2.240000       3.266545    
           2   2.280000       3.175895    
           2   2.320000       3.087705    
           2   2.360000       3.002001    
           2   2.400000       2.918804    
           2   2.440000       2.838125    
           2   2.480000       2.759974    
           2   2.520000       2.684350    
           2   2.560000       2.611248    
           2   2.600000       2.540658    
           2   2.640000       2.472562    
           2   2.680000       2.406941    
           2   2.720000       2.343768    
           2   2.760000       2.283014    
           2   2.800000       2.224645    
           2   2.840000       2.168622    
           2   2.880000       2.114905    
           2   2.920000       2.063450    
           2   2.960000       2.014210    
           2   3.000000       1.967135    
           2   3.040000       1.922174    
           2   3.080000       1.879273    
           2   3.120000       1.838377    
           2   3.160000       1.799431    
           2   3.200000       1.762375    
           2   3.240000       1.727153    
           2   3.280000       1.693704    
           2   3.320000       1.661970    
           2   3.360000       1.631890    
           2   3.400000       1.603405    
           2   3.440000       1.576456    
           2   3.480000       1.550983    
           2   3.520000       1.526928    
           2   3.560000       1.504233    
           2   3.600000       1.482840    
           2   3.640000       1.462694    
           2   3.680000       1.443738    
           2   3.720000       1.425919    
           2   3.760000       1.409184    
           2   3.800000       1.393481    
           2   3.840000       1.378760    
           2   3.880000       1.364971    
           2   3.920000       1.352068    
           2   3.960000       1.340004    
           2   4.000000       1.328734    
           3  3.9999999E-02   39.24547    
           3  7.9999998E-02   37.44460    
           3  0.1200000       35.28514    
           3  0.1600000       33.22958    
           3  0.2000000       31.35500    
           3  0.2400000       29.59433    
           3  0.2800000       27.91656    
           3  0.3200000       26.34034    
           3  0.3600000       24.89306    
           3  0.4000000       23.58725    
           3  0.4400000       22.41779    
           3  0.4800000       21.36736    
           3  0.5200000       20.41304    
           3  0.5600000       19.53176    
           3  0.6000000       18.70372    
           3  0.6400000       17.91395    
           3  0.6800000       17.15252    
           3  0.7200000       16.41387    
           3  0.7600000       15.69573    
           3  0.8000000       14.99808    
           3  0.8400000       14.32221    
           3  0.8800000       13.67001    
           3  0.9200000       13.04354    
           3  0.9600000       12.44465    
           3   1.000000       11.87489    
           3   1.040000       11.33541    
           3   1.080000       10.82690    
           3   1.120000       10.34966    
           3   1.160000       9.903572    
           3   1.200000       9.488187    
           3   1.240000       9.102732    
           3   1.280000       8.746179    
           3   1.320000       8.417283    
           3   1.360000       8.114630    
           3   1.400000       7.836680    
           3   1.440000       7.581808    
           3   1.480000       7.348339    
           3   1.520000       7.134583    
           3   1.560000       6.938859    
           3   1.600000       6.759527    
           3   1.640000       6.595001    
           3   1.680000       6.443770    
           3   1.720000       6.304407    
           3   1.760000       6.175579    
           3   1.800000       6.056053    
           3   1.840000       5.944698    
           3   1.880000       5.840487    
           3   1.920000       5.742496    
           3   1.960000       5.649895    
           3   2.000000       5.561950    
           3   2.040000       5.478018    
           3   2.080000       5.397532    
           3   2.120000       5.320008    
           3   2.160000       5.245027    
           3   2.200000       5.172230    
           3   2.240000       5.101320    
           3   2.280000       5.032045    
           3   2.320000       4.964197    
           3   2.360000       4.897607    
           3   2.400000       4.832137    
           3   2.440000       4.767679    
           3   2.480000       4.704147    
           3   2.520000       4.641479    
           3   2.560000       4.579624    
           3   2.600000       4.518548    
           3   2.640000       4.458230    
           3   2.680000       4.398655    
           3   2.720000       4.339816    
           3   2.760000       4.281713    
           3   2.800000       4.224352    
           3   2.840000       4.167737    
           3   2.880000       4.111880    
           3   2.920000       4.056791    
           3   2.960000       4.002483    
           3   3.000000       3.948969    
           3   3.040000       3.896261    
           3   3.080000       3.844373    
           3   3.120000       3.793318    
           3   3.160000       3.743106    
           3   3.200000       3.693749    
           3   3.240000       3.645258    
           3   3.280000       3.597641    
           3   3.320000       3.550907    
           3   3.360000       3.505062    
           3   3.400000       3.460113    
           3   3.440000       3.416065    
           3   3.480000       3.372922    
           3   3.520000       3.330687    
           3   3.560000       3.289360    
           3   3.600000       3.248944    
           3   3.640000       3.209437    
           3   3.680000       3.170839    
           3   3.720000       3.133147    
           3   3.760000       3.096358    
           3   3.800000       3.060469    
           3   3.840000       3.025473    
           3   3.880000       2.991366    
           3   3.920000       2.958141    
           3   3.960000       2.925791    
           3   4.000000       2.894307    
