gr_err_5%_of_1st_peak			
	0.00E+00	0.00E+00	1.70E-01
	4.39E-02	-3.50319	1.70E-01
	8.79E-02	-6.61145	1.70E-01
	0.1318401	-9.0871	1.70E-01
	0.1757868	-10.919	1.70E-01
	0.2197335	-12.2689	1.70E-01
	0.2636802	-13.3324	1.70E-01
	0.3076269	-14.2008	1.70E-01
	0.3515736	-14.8052	1.70E-01
	0.3955203	-14.971	1.70E-01
	0.439467	-14.5437	1.70E-01
	0.4834137	-13.5058	1.70E-01
	0.5273604	-12.0173	1.70E-01
	0.5713071	-10.3581	1.70E-01
	0.6152538	-8.81289	1.70E-01
	0.6592005	-7.56531	1.70E-01
	0.7031472	-6.65677	1.70E-01
	0.7470939	-6.0199	1.70E-01
	0.7910406	-5.55362	1.70E-01
	0.8349873	-5.18838	1.70E-01
	0.878934	-4.9068	1.70E-01
	0.9228807	-4.71974	1.70E-01
	0.9668274	-4.62654	1.70E-01
	1.010774	-4.59284	1.70E-01
	1.054721	-4.56069	1.70E-01
	1.098668	-4.47936	1.70E-01
	1.142614	-4.33164	1.70E-01
	1.186561	-4.13582	1.70E-01
	1.230508	-3.92436	1.70E-01
	1.274454	-3.71729	1.70E-01
	1.318401	-3.5113	1.70E-01
	1.362348	-3.29227	1.70E-01
	1.406294	-3.06011	1.70E-01
	1.450241	-2.84551	1.70E-01
	1.494188	-2.70387	1.70E-01
	1.538134	-2.6884	1.70E-01
	1.582081	-2.81961	1.70E-01
	1.626028	-3.07103	1.70E-01
	1.669975	-3.37992	1.70E-01
	1.713921	-3.67549	1.70E-01
	1.757868	-3.9066	1.70E-01
	1.801815	-4.0536	1.70E-01
	1.845761	-4.12125	1.70E-01
	1.889708	-4.12234	1.70E-01
	1.933655	-4.06574	1.70E-01
	1.977602	-3.95622	1.70E-01
	2.021548	-3.80209	1.70E-01
	2.065495	-3.62023	1.70E-01
	2.109442	-3.43051	1.70E-01
	2.153388	-3.24129	1.70E-01
	2.197335	-3.03651	1.70E-01
	2.241282	-2.77574	1.70E-01
	2.285228	-2.4104	1.70E-01
	2.329175	-1.90832	1.70E-01
	2.373122	-1.27228	1.70E-01
	2.417068	-0.541692	1.70E-01
	2.461015	0.222904	1.70E-01
	2.504962	0.962235	1.70E-01
	2.548909	1.63429	1.70E-01
	2.592855	2.21639	1.70E-01
	2.636802	2.6961	1.70E-01
	2.680749	3.06107	1.70E-01
	2.724695	3.29695	1.70E-01
	2.768642	3.39533	1.70E-01
	2.812589	3.36485	1.70E-01
	2.856535	3.23612	1.70E-01
	2.900482	3.05521	1.70E-01
	2.944429	2.86864	1.70E-01
	2.988376	2.70888	1.70E-01
	3.032322	2.58841	1.70E-01
	3.076269	2.50407	1.70E-01
	3.120216	2.44649	1.70E-01
	3.164162	2.40647	1.70E-01
	3.208109	2.37417	1.70E-01
	3.252056	2.33345	1.70E-01
	3.296002	2.25816	1.70E-01
	3.339949	2.1163	1.70E-01
	3.383896	1.88153	1.70E-01
	3.427843	1.54568	1.70E-01
	3.471789	1.12418	1.70E-01
	3.515736	0.65051	1.70E-01
	3.559683	0.162897	1.70E-01
	3.603629	-0.308584	1.70E-01
	3.647576	-0.747393	1.70E-01
	3.691523	-1.14676	1.70E-01
	3.73547	-1.50153	1.70E-01
	3.779416	-1.80283	1.70E-01
	3.823363	-2.03958	1.70E-01
	3.86731	-2.20506	1.70E-01
	3.911256	-2.30273	1.70E-01
	3.955203	-2.34569	1.70E-01
	3.99915	-2.34966	1.70E-01
	4.043097	-2.32402	1.70E-01
	4.087043	-2.2677	1.70E-01
	4.13099	-2.17288	1.70E-01
	4.174936	-2.03403	1.70E-01
	4.218883	-1.85584	1.70E-01
	4.26283	-1.65397	1.70E-01
	4.306777	-1.44824	1.70E-01
	4.350723	-1.25265	1.70E-01
	4.39467	-1.06937	1.70E-01
	4.438617	-0.890447	1.70E-01
	4.482563	-0.705809	1.70E-01
	4.52651	-0.51155	1.70E-01
	4.570457	-0.312841	1.70E-01
	4.614404	-0.119876	1.70E-01
	4.65835	5.96E-02	1.70E-01
	4.702297	0.225146	1.70E-01
	4.746243	0.382669	1.70E-01
	4.79019	0.537874	1.70E-01
	4.834137	0.689892	1.70E-01
	4.878084	0.829558	1.70E-01
	4.92203	0.943877	1.70E-01
	4.965977	1.02347	1.70E-01
	5.009924	1.06768	1.70E-01
	5.053871	1.08393	1.70E-01
	5.097817	1.08202	1.70E-01
	5.141764	1.06779	1.70E-01
	5.18571	1.04065	1.70E-01
	5.229657	0.996394	1.70E-01
	5.273604	0.932802	1.70E-01
	5.317551	0.85355	1.70E-01
	5.361497	0.767437	1.70E-01
	5.405444	0.683632	1.70E-01
	5.449391	0.606567	1.70E-01
	5.493338	0.534239	1.70E-01
	5.537284	0.461002	1.70E-01
	5.581231	0.382526	1.70E-01
	5.625177	0.29916	1.70E-01
	5.669124	0.2154	1.70E-01
	5.713071	0.136283	1.70E-01
	5.757018	6.39E-02	1.70E-01
	5.800964	-3.36E-03	1.70E-01
	5.844911	-6.78E-02	1.70E-01
	5.888858	-0.129218	1.70E-01
	5.932805	-0.184069	1.70E-01
	5.976751	-0.227843	1.70E-01
	6.020698	-0.259685	1.70E-01
	6.064645	-0.284866	1.70E-01
	6.108591	-0.312787	1.70E-01
	6.152538	-0.351209	1.70E-01
	6.196485	-0.400501	1.70E-01
	6.240431	-0.452141	1.70E-01
	6.284378	-0.493011	1.70E-01
	6.328325	-0.513001	1.70E-01
	6.372272	-0.511044	1.70E-01
	6.416218	-0.495612	1.70E-01
	6.460165	-0.479442	1.70E-01
	6.504112	-0.472105	1.70E-01
	6.548059	-0.475358	1.70E-01
	6.592005	-0.484028	1.70E-01
	6.635952	-0.491245	1.70E-01
	6.679898	-0.493831	1.70E-01
	6.723845	-0.493907	1.70E-01
	6.767792	-0.495791	1.70E-01
	6.811738	-0.500872	1.70E-01
	6.855685	-0.504617	1.70E-01
	6.899632	-0.498191	1.70E-01
	6.943579	-0.47362	1.70E-01
	6.987525	-0.428734	1.70E-01
	7.031472	-0.368236	1.70E-01
	7.075418	-0.300134	1.70E-01
	7.119365	-0.23013	1.70E-01
	7.163312	-0.158112	1.70E-01
	7.207259	-7.93E-02	1.70E-01
	7.251205	1.10E-02	1.70E-01
	7.295152	0.112188	1.70E-01
	7.339099	0.216902	1.70E-01
	7.383046	0.314254	1.70E-01
	7.426992	0.395212	1.70E-01
	7.470939	0.456633	1.70E-01
	7.514886	0.501158	1.70E-01
	7.558832	0.533413	1.70E-01
	7.602779	0.555583	1.70E-01
	7.646726	0.565662	1.70E-01
	7.690672	0.559499	1.70E-01
	7.734619	0.534837	1.70E-01
	7.778566	0.494095	1.70E-01
	7.822513	0.443711	1.70E-01
	7.866459	0.390559	1.70E-01
	7.910406	0.338199	1.70E-01
	7.954353	0.285784	1.70E-01
	7.9983	0.230365	1.70E-01
	8.042246	0.170687	1.70E-01
	8.086193	0.109424	1.70E-01
	8.130139	5.21E-02	1.70E-01
	8.174087	3.25E-03	1.70E-01
	8.218033	-3.65E-02	1.70E-01
	8.26198	-7.11E-02	1.70E-01
	8.305926	-0.105826	1.70E-01
	8.349873	-0.142815	1.70E-01
	8.39382	-0.179032	1.70E-01
	8.437766	-0.207876	1.70E-01
	8.481713	-0.223751	1.70E-01
	8.52566	-0.226238	1.70E-01
	8.569607	-0.220846	1.70E-01
	8.613553	-0.215688	1.70E-01
	8.6575	-0.216397	1.70E-01
	8.701447	-0.222846	1.70E-01
	8.745394	-0.229953	1.70E-01
	8.78934	-0.231884	1.70E-01
	8.833286	-0.226559	1.70E-01
	8.877234	-0.217201	1.70E-01
	8.92118	-0.209875	1.70E-01
	8.965127	-0.208917	1.70E-01
	9.009073	-0.213626	1.70E-01
	9.05302	-0.218676	1.70E-01
	9.096967	-0.2179	1.70E-01
	9.140914	-0.208717	1.70E-01
	9.18486	-0.194033	1.70E-01
	9.228807	-0.180326	1.70E-01
	9.272754	-0.173366	1.70E-01
	9.3167	-0.174623	1.70E-01
	9.360647	-0.180732	1.70E-01
	9.404593	-0.186069	1.70E-01
	9.448541	-0.186282	1.70E-01
	9.492487	-0.180136	1.70E-01
	9.536434	-0.168577	1.70E-01
	9.58038	-0.152176	1.70E-01
	9.624328	-0.12937	1.70E-01
	9.668274	-9.72E-02	1.70E-01
	9.712221	-5.40E-02	1.70E-01
	9.756167	-2.30E-03	1.70E-01
	9.800114	5.15E-02	1.70E-01
	9.844061	9.95E-02	1.70E-01
	9.888007	0.136483	1.70E-01
	9.931954	0.162651	1.70E-01
	9.975901	0.182365	1.70E-01
	10.01985	0.200756	1.70E-01
	10.06379	0.21993	1.70E-01
	10.10774	0.237764	1.70E-01
	10.15169	0.250034	1.70E-01
	10.19563	0.254201	1.70E-01
	10.23958	0.251905	1.70E-01
	10.28353	0.2482	1.70E-01
	10.32747	0.247987	1.70E-01
	10.37142	0.252227	1.70E-01
	10.41537	0.256779	1.70E-01
	10.45931	0.254842	1.70E-01
	10.50326	0.24139	1.70E-01
	10.54721	0.21651	1.70E-01
	10.59116	0.185337	1.70E-01
	10.6351	0.154639	1.70E-01
	10.67905	0.12849	1.70E-01
	10.72299	0.106013	1.70E-01
	10.76694	8.26E-02	1.70E-01
	10.81089	5.38E-02	1.70E-01
	10.85483	1.86E-02	1.70E-01
	10.89878	-2.00E-02	1.70E-01
	10.94273	-5.65E-02	1.70E-01
	10.98668	-8.72E-02	1.70E-01
	11.03062	-0.111662	1.70E-01
	11.07457	-0.132409	1.70E-01
	11.11852	-0.152189	1.70E-01
	11.16246	-0.171596	1.70E-01
	11.20641	-0.188754	1.70E-01
	11.25035	-0.20125	1.70E-01
	11.2943	-0.208674	1.70E-01
	11.33825	-0.213601	1.70E-01
	11.3822	-0.220049	1.70E-01
	11.42614	-0.230469	1.70E-01
	11.47009	-0.243491	1.70E-01
	11.51404	-0.254238	1.70E-01
	11.55798	-0.257134	1.70E-01
	11.60193	-0.249315	1.70E-01
	11.64588	-0.232249	1.70E-01
	11.68982	-0.210471	1.70E-01
	11.73377	-0.188388	1.70E-01
	11.77772	-0.167472	1.70E-01
	11.82166	-0.145822	1.70E-01
	11.86561	-0.120285	1.70E-01
	11.90956	-8.95E-02	1.70E-01
	11.9535	-5.54E-02	1.70E-01
	11.99745	-2.24E-02	1.70E-01
-1			
