  0.3546380      0.1406591    
  0.3655500      0.2287465    
  0.3764619      0.2452871    
  0.3873739      0.2149963    
  0.3982858      0.1896437    
  0.4091977      0.1862549    
  0.4201097      0.1811926    
  0.4310216      0.1524748    
  0.4419336      0.1165868    
  0.4528455      9.8329186E-02
  0.4637575      9.5256448E-02
  0.4746694      9.4854593E-02
  0.4855813      8.5602641E-02
  0.4964933      7.2813034E-02
  0.5074052      6.5083504E-02
  0.5183172      5.7152867E-02
  0.5292291      5.1012635E-02
  0.5401410      4.8808813E-02
  0.5510530      4.5697451E-02
  0.5619649      4.3339014E-02
  0.5728769      4.1136146E-02
  0.5837888      4.3701530E-02
  0.5947008      5.1123857E-02
  0.6056127      5.5680275E-02
  0.6165246      5.8153987E-02
  0.6274366      5.6481600E-02
  0.6383485      5.2622557E-02
  0.6492604      4.8638821E-02
  0.6601723      4.5079470E-02
  0.6710843      4.4266105E-02
  0.6819962      4.2780519E-02
  0.6929082      3.5163045E-02
