  0.3546380      0.1183764    
  0.3655500      0.1660877    
  0.3764619      0.1868963    
  0.3873739      0.1814036    
  0.3982858      0.1667424    
  0.4091977      0.1623361    
  0.4201097      0.1612483    
  0.4310216      0.1533930    
  0.4419336      0.1340362    
  0.4528455      0.1189333    
  0.4637575      0.1147658    
  0.4746694      0.1061937    
  0.4855813      9.0015292E-02
  0.4964933      7.5423360E-02
  0.5074052      6.6619396E-02
  0.5183172      5.6447744E-02
  0.5292291      5.2750587E-02
  0.5401410      5.7178497E-02
  0.5510530      6.1100125E-02
  0.5619649      6.0887218E-02
  0.5728769      6.0685873E-02
  0.5837888      5.6486845E-02
  0.5947008      5.2352905E-02
  0.6056127      4.8067689E-02
  0.6165246      4.5155168E-02
  0.6274366      4.3114781E-02
  0.6383485      4.3311477E-02
  0.6492604      4.6146154E-02
  0.6601723      4.9320102E-02
  0.6710843      4.8089623E-02
  0.6819962      4.6246886E-02
  0.6929082      4.3012500E-02
