  0.3546380      0.1916133    
  0.3655500      0.2689052    
  0.3764619      0.2597355    
  0.3873739      0.2322823    
  0.3982858      0.2194743    
  0.4091977      0.2192433    
  0.4201097      0.2150770    
  0.4310216      0.1974124    
  0.4419336      0.1674254    
  0.4528455      0.1401621    
  0.4637575      0.1273004    
  0.4746694      0.1205884    
  0.4855813      0.1112419    
  0.4964933      9.6520901E-02
  0.5074052      8.7484717E-02
  0.5183172      8.3921432E-02
  0.5292291      7.7332854E-02
  0.5401410      7.0457816E-02
  0.5510530      6.9736719E-02
  0.5619649      7.1115017E-02
  0.5728769      6.9308162E-02
  0.5837888      6.9279075E-02
  0.5947008      7.0788860E-02
  0.6056127      6.6676140E-02
  0.6165246      6.1474681E-02
  0.6274366      6.0789108E-02
  0.6383485      6.1370850E-02
  0.6492604      6.0965776E-02
  0.6601723      6.3692927E-02
  0.6710843      6.5451026E-02
  0.6819962      6.5622330E-02
  0.6929082      6.1450839E-02
