  0.3546380      0.1690819    
  0.3655500      0.2002835    
  0.3764619      0.1828992    
  0.3873739      0.1995835    
  0.3982858      0.2548747    
  0.4091977      0.2811280    
  0.4201097      0.2612851    
  0.4310216      0.2229005    
  0.4419336      0.1865116    
  0.4528455      0.1489631    
  0.4637575      0.1167201    
  0.4746694      0.1008203    
  0.4855813      9.4701529E-02
  0.4964933      8.7204218E-02
  0.5074052      7.5864077E-02
  0.5183172      6.8255544E-02
  0.5292291      6.9329858E-02
  0.5401410      6.7156672E-02
  0.5510530      6.1761022E-02
  0.5619649      5.7540655E-02
  0.5728769      5.5120349E-02
  0.5837888      5.5575252E-02
  0.5947008      5.8210492E-02
  0.6056127      5.9002995E-02
  0.6165246      5.5110216E-02
  0.6274366      4.9964905E-02
  0.6383485      4.8393250E-02
  0.6492604      5.2873135E-02
  0.6601723      5.3435087E-02
  0.6710843      5.4338813E-02
  0.6819962      6.1252952E-02
  0.6929082      5.8528304E-02
