  0.3546380      0.1684229    
  0.3655500      0.1974804    
  0.3764619      0.1952826    
  0.3873739      0.2092953    
  0.3982858      0.2303849    
  0.4091977      0.2262886    
  0.4201097      0.1947974    
  0.4310216      0.1594599    
  0.4419336      0.1402253    
  0.4528455      0.1354809    
  0.4637575      0.1271729    
  0.4746694      0.1133653    
  0.4855813      0.1057619    
  0.4964933      0.1005976    
  0.5074052      8.7270141E-02
  0.5183172      7.2993636E-02
  0.5292291      6.7297220E-02
  0.5401410      6.8101168E-02
  0.5510530      6.5252185E-02
  0.5619649      6.0767651E-02
  0.5728769      5.9971094E-02
  0.5837888      6.0268760E-02
  0.5947008      5.9284925E-02
  0.6056127      5.9982181E-02
  0.6165246      5.9356570E-02
  0.6274366      6.2450647E-02
  0.6383485      6.3378811E-02
  0.6492604      6.0220480E-02
  0.6601723      5.8148146E-02
  0.6710843      5.6984067E-02
  0.6819962      5.5688381E-02
  0.6929082      5.4040432E-02
