 updated model
   28.28427       28.28427       28.28427    
          29  -10.73234      -9.061596      -10.70826    
          13  -8.183092       13.58364       9.599058    
          13   11.41693      -7.641438      -6.180341    
          13  -11.50813      -11.38922      -11.98847    
          13   13.83566       10.62686       9.368403    
          13  -8.726510      -14.09655      -11.45558    
          13  -8.103308      -9.675277       11.76481    
          13  -6.900899      -9.723165       13.72463    
          40  -6.303803      -12.90772      -9.196312    
          40  -4.245159      -7.194440      -11.40490    
          29  -6.662996      -12.21726      -13.06565    
          29  -7.629727       14.08539      -7.571345    
          29  -1.957690      -7.594995      -12.65409    
          13  -8.511215      -11.71198      -10.79790    
          13  -2.949067      -11.56515       12.69266    
          13  -5.105086      -13.62301       12.37391    
          40  0.5423364      -10.32309      -8.883906    
          29   2.207536      -7.966968      -11.99499    
          29  0.4232561      -9.664252      -11.26535    
          13  -2.686877      -9.885281      -11.30411    
          40   1.196136      -12.55982      -11.37027    
          29   5.918232      -12.28454      -8.451663    
          13   2.324859       9.026628       10.61641    
          13 -0.8397840      -11.25751      -12.43579    
          13   3.962146      -10.99754      -8.251210    
          40   4.971857      -13.91045      -10.60859    
          29   14.12133      -10.37788      -12.16675    
          13   1.821089       13.51071      -10.34147    
          13   3.885000      -11.58957      -10.97180    
          13   7.572184      -14.05233       12.31029    
          40   12.58063      -13.91927      -9.495122    
          29   12.31888       13.57700      -6.652387    
          29  -12.26901       10.85525      -10.53308    
          29   6.086525      -12.88017      -6.192235    
          13   11.92479      -12.97623       13.34996    
          13   9.593216      -6.493223      -11.29905    
          13   11.93034      -10.62320       11.46557    
          13   14.02322       13.91452       13.60014    
          40  -10.12318      -5.989090       14.01263    
          29  -10.24263      -6.383423       11.67613    
          13  -7.005992      -5.782043       13.78703    
          13  -8.897580      -4.962897      -7.554349    
          13  -13.03216      -13.57361      -8.697025    
          13  -9.158504      -1.989235      -8.931466    
          40  -5.040507      -6.542803      -4.880558    
          40  -6.164952      -7.809093       12.71192    
          29  -7.436087      -10.09793      -12.21248    
          13  -4.774137      -12.15961      -11.27950    
          13  -7.679843      -2.244096       12.81914    
          13  -4.449031      -5.720556       11.95349    
          40  -3.153998      -3.881109       12.90878    
          40 -6.0984880E-02  -3.578060      -10.12737    
          40  -4.664371      -11.12463      -13.46000    
          29  -4.374465      -8.815281      -13.01381    
          29   3.183063      -11.21673       11.15709    
          29 -0.8294834      -4.429759      -12.44946    
          29   2.589473      -10.76768      -12.88017    
          13  -1.720681      -6.023416      -10.87121    
          13  -9.109846      -7.313070      -12.49386    
          13 -0.9492050      -3.265819       13.53967    
          29   2.622050      -6.223651      -10.10299    
          29   4.511648      -4.806805      -10.05676    
          13   2.226426      -5.372694      -12.30017    
          13  0.1235378      -7.467243       13.70457    
          13   6.725808      -3.116960      -13.78052    
          13  0.4018875      -5.894840      -9.658185    
          13  -1.123260      -8.659595      -9.753173    
          13   5.155449      -10.12836      -12.23516    
          13  0.1435670      -6.689447      -12.25774    
          40   3.365933      -8.901903      -9.974112    
          40   4.870221      -7.012852      -8.914228    
          13  -13.54061      -12.48767      -10.63294    
          13   5.143597      -4.791977      -7.340113    
          13   11.49298      -2.549208      -9.821090    
          40  -12.03481      -11.62561       14.04041    
          29  -12.19895      -7.423815      -12.36638    
          13   11.07850     -0.7132107      -6.817981    
          13   7.693367      -1.821943      -11.73700    
          13   8.872975      -7.399782      -13.31853    
          13  -9.923182      -4.456333      -9.633863    
          29  -10.37644      -3.780766       13.06110    
          13  -11.10302     -0.4526890      -10.83875    
          13   12.00053      -8.740639       7.510095    
          13  -8.986581      0.3539120      -9.280107    
          13  -13.93417      -6.459207      -14.00966    
          13   11.85395      -7.808705      -9.792637    
          40  -6.407435      -2.482051      -11.88435    
          29  -5.084636      -5.293124      -13.29486    
          29  -3.005823     -0.2852585      -13.68468    
          13  -7.174037     -0.5675169      -10.35044    
          13  -8.587567      -3.950513      -13.31143    
          29  -4.584366      -3.679736      -8.974725    
          29  -1.519390     -0.9000157      -11.95339    
          29  -4.009815      -1.150280      -11.44835    
          13  -2.458786      -3.088257      -9.655107    
          13  -1.308635       1.512481      -12.66801    
          13  -2.374036     -0.7197886      -9.775214    
          13  -3.459846       1.137171      -11.23893    
          29   3.651105      -2.825126      -9.019491    
          29   6.207494       2.971390      -11.67387    
          29   2.330296      -3.885893      -10.53758    
          13   2.328015      -1.652333      -11.60412    
          13  0.7954748     -0.2069403      -10.55614    
          13   2.706873      -4.507007      -7.234851    
          13  0.3994631      -1.442109      -13.34625    
          13   4.001540      0.5503727       13.17564    
          29   5.873553      -2.993175      -9.494676    
          29   5.198895      -1.693184      -11.42384    
          29   4.222164      0.6634002      -12.76222    
          13   9.035583      -2.185317       14.07546    
          13   9.689739      -4.235762      -10.63187    
          13   7.491120     -0.3177672      -13.58340    
          40   9.782990     -0.7831366      -12.00728    
          29  -12.53848      -5.213980      -11.11118    
          29   11.18765      -3.161471      -7.517880    
          29   13.75086      -6.060452      -9.833928    
          13   11.31151       4.026617      -10.31945    
          13   7.707122      -5.932850       13.46849    
          13   12.20573      -5.265567       13.60428    
          40  -13.36354       3.242740      -5.269668    
          29  -10.30671       7.411767      -12.73933    
          29  -8.880532       9.543990      -12.48677    
          29  -12.35640       3.394525      -11.30382    
          29  -11.83428       3.392897       12.46912    
          13  -10.69733     -0.4210405      -13.15916    
          13  -11.99166      0.9471225       12.79488    
          13   13.15022      -1.003360       13.78324    
          40  -4.913643     -0.2494445      -9.391291    
          29  -9.290498       3.195314      -12.27413    
          29  -4.071973       3.992248      -11.74771    
          13   13.71304       2.672172      -11.59519    
          13  -9.977368       6.083308      -10.70637    
          13  -8.431611       1.940765      -6.193918    
          13  -6.131639       1.644950      -10.80021    
          13  -5.203827     -9.8763548E-02  -13.12813    
          13  -8.388787      0.7048499      -12.01567    
          29 -0.8034592      0.7254531      -8.367714    
          29 -0.8959527       3.198183       13.33662    
          13  -3.968052       2.066212      -8.900801    
          13  -2.113879       3.921700      -13.05234    
          13   3.996467       3.631319      -11.91085    
          13  -5.100248       4.261114      -9.496305    
          13   1.489226       2.145252      -10.40911    
          40   4.856992       5.766010      -11.58911    
          29   1.453199       1.096954      -12.58800    
          29   4.193577       5.329894      -7.313832    
          29   7.481684       1.928242       14.02493    
          29   1.781240       5.388658      -12.43512    
          13  0.9786999       7.131892      -11.14634    
          13   6.732786       5.481931      -13.13839    
          40   9.934472      0.3463215      -14.10468    
          29   10.01967       2.544017      -12.85691    
          13   13.67271       3.170075      -7.233856    
          13   6.261852      0.4748493      -11.60663    
          13   6.492753       3.195196      -9.352203    
          13   9.379337       5.096939      -11.32243    
          29   11.04384       6.412725      -9.970201    
          29  -11.89559       5.817875      -9.460512    
          29   12.23150       1.210833      -8.933477    
          29  -13.11242       5.073262       11.57248    
          13   9.807488      -1.010383      -9.539225    
          13  -13.16275      0.8065230      -13.34274    
          13   8.397592       1.609270      -11.01258    
          40  -11.44577       6.387536       13.51692    
          29  -10.46349       10.93127      -8.981190    
          13  -11.34996       6.943456       10.73476    
          13  -10.75632       9.045910      -10.77348    
          13  -13.37067       9.835648      -12.81636    
          13  -7.820668       7.217009      -11.09180    
          13  -10.52530       11.28417      -12.00730    
          40  -4.886416       6.092521      -12.91476    
          29  -2.084237       12.10371      -11.07048    
          29  -11.97262       4.966683      -13.07304    
          13  -5.933176       9.911428       12.36036    
          13  -7.234742       4.932302      -11.82622    
          13  -11.05004       2.335056      -13.76011    
          13  -8.858115       5.400753      -13.93132    
          13  -6.031687       2.199611      -13.22135    
          29  -1.227966       3.765316      -8.616650    
          29  -6.131187       6.492199       12.78649    
          29  -2.014674       6.694487       10.91309    
          13  -3.740041       2.000413      -13.56326    
          13  -5.269784       8.673178      -14.04031    
          13 -0.4810321       5.513508      -12.64078    
          13  -3.954985       12.17539      -12.45942    
          13  -1.079002       7.789438      -9.283073    
          29   3.082451       7.126372      -13.62191    
          29   4.894134       8.752014      -13.90749    
          13   1.306652       5.013124       13.38064    
          13   6.204456       7.833914      -11.92121    
          13  0.1859978       4.697981      -10.28960    
          29   6.511963       9.561114       12.01855    
          29   7.956110       9.439614      -11.82349    
          29   11.04326       1.425749      -10.89854    
          13   7.476791       8.869689      -14.04535    
          13   8.400802       7.255739      -12.60836    
          13   10.50406       10.46492      -10.95380    
          13   7.871042       7.273147      -9.862900    
          13   9.317638       1.505679       11.71996    
          29  -12.69766       11.80279       14.02164    
          29   13.50481       4.142760      -9.302516    
          13   9.061831       14.06014      -13.60339    
          13   13.05849       7.429327      -9.377107    
          13   13.86139       6.061947      -7.510644    
          13   6.238730       11.23959      -13.29840    
          40  -9.365545       13.76064       12.22087    
          29   12.73823       11.56131      -10.69376    
          29  -10.73682      -9.297751      -13.15813    
          29  -10.98358      -13.84580      -10.72274    
          13  -13.21210      -9.502021       13.96460    
          13  -7.602810       10.98004      -10.95848    
          13  -11.88480       13.43596      -12.69727    
          13  -6.407263       9.550255      -9.596387    
          29  -3.240128      -13.66745       8.174273    
          29  -1.674384       13.55411      -13.10962    
          29  -8.163330       12.30908      -12.94488    
          29  -6.307776      -11.92434      -6.855040    
          13  -10.45051      -13.02651      -13.17925    
          13  -9.390278       9.534170      -7.269360    
          29   1.026048       13.69760      -12.71235    
          29  -4.906715      -13.74281      -13.21155    
          29  -6.309051       10.83261      -13.20433    
          29  -1.983818       10.09714      -8.314037    
          29  -3.645658       9.918184      -12.28779    
          29  -5.914063       12.54623      -8.635063    
          13 -0.9705215      -13.95481      -10.55873    
          40  0.6153262       10.81374      -14.06037    
          29   1.774738       7.691279      -8.475586    
          29   5.326284       6.748791       13.09129    
          29   1.352722       10.55946      -8.736407    
          13   3.319305       8.218239      -10.97893    
          13  0.1942679       11.73208      -11.72992    
          13   2.468944       8.775742       13.00102    
          29   4.505166       12.61489      -12.43750    
          29   13.03878      -13.01078       11.04504    
          29   10.60533       6.633427      -13.00941    
          29   4.096879      -13.83147      -8.351306    
          13   6.491701      -11.26623      -10.72009    
          13   4.745838       12.38931      -9.291834    
          13   5.107491       9.846171      -11.70729    
          29   11.08906       12.63151      -9.364597    
          13   12.41396      -11.84748      -11.26682    
          13   8.836185       13.39870      -8.575267    
          13   10.77650      -13.52996      -7.856903    
          13   11.28633       8.950389      -12.89318    
          13   13.91142      -11.82955       13.24755    
          29  -10.61798      -11.32761      -9.884456    
          29  -8.434724      -10.23005      -1.926158    
          29  -5.908768      -12.10161      -4.581128    
          13   9.508870       12.44963      -3.089148    
          13  -13.88993       11.34561      -5.775558    
          13   11.77720      -12.54064      -5.168729    
          13  -12.03689      -7.218271      -9.866146    
          29  -10.20680      -9.505004      -8.518361    
          29   11.67109       13.36208      -4.354493    
          29  -3.100544      -12.36266      -9.274467    
          13  -5.850749      -13.90677      6.5165818E-02
          13  -13.84745      -12.75603      -4.410835    
          13  -4.694528      -13.87186      -6.990811    
          13  -2.626388      -12.53006      -13.09643    
          13  -9.735642      -13.30813      -8.328403    
          13  -6.436777       9.535836      -6.815195    
          29   1.853305      -11.27920      -6.920625    
          29  -2.528824       13.45112      -7.751354    
          13  -1.695334      -10.33275      -7.799034    
          13  -3.976982       13.64094      -9.775064    
          13  -8.457853      -12.58933      -5.644526    
          13  -3.874753       11.42728      -8.758167    
          13  -5.941566       12.49200      -6.297409    
          13  -1.576421      -9.256318      -5.665020    
          40   3.355716      -11.43778     -0.9926857    
          40   5.263226      -10.07304      -6.462853    
          40  -2.373465      -11.26095      -4.838912    
          29  -2.606109      -13.46283      -5.927077    
          29   5.879054      -11.67666      -3.873725    
          13 -0.1811813      -12.52388      -5.526346    
          13   6.276972       12.05365     -0.2387152    
          13   1.695959      -13.32766      -8.480147    
          29   9.534894      -13.48892      -4.407226    
          29   8.039345      -12.88052      -7.856864    
          13   7.040610       13.97547      -4.000124    
          13   12.40212       11.20735      -7.147816    
          13   8.663471      -6.558982     -0.7356315    
          13   6.509745       13.55507      -8.357165    
          40   13.42714      -12.82884      -7.379639    
          29   10.76183      -11.23894      -2.903261    
          29   4.482742       13.64528      -5.221786    
          29   9.299661      -12.19791     -0.7410399    
          13  -13.28843       13.67783      -5.730943    
          13   10.97357      -11.31043      -9.019932    
          13  -11.70273       12.69187      -7.893607    
          13   13.82185      -8.783570      -2.229036    
          13   13.76172      -5.402063      -5.568993    
          13  -10.62266      -11.28378      -6.867947    
          13  -12.99475      -9.286576      -9.877724    
          13  -8.814164      -5.361507      -4.655346    
          29  -8.240684      -5.119235      -11.28446    
          13  -9.775973      -6.774907      -10.01846    
          13  -5.115917      -9.703089      -10.98432    
          13  -8.156690      -9.191376      -9.682364    
          13  -7.229548      -6.403955      -9.182384    
          13  -7.928623      -11.22588      -8.580131    
          13  -6.495575      -4.078394      -7.289344    
          29  -6.078288      -9.821352      -8.503554    
          13   2.037787      -9.218120      -5.722142    
          13  -3.824030      -10.24776      -8.747658    
          13  -4.269431      -4.159930      -6.623014    
          13  -5.176154      -7.886727      -9.406359    
          13 -0.3890116      -5.800302      -6.295120    
          40 -0.9663094      -7.400346      -7.817595    
          29   3.407490      -6.507349      -6.067523    
          29   1.286211      -6.748609      -7.613068    
          29   3.897329      -12.21453      -6.272592    
          13   2.587986       12.65895      -8.342772    
          13   4.706485      -6.633098      -3.359766    
          13   5.622400      -8.548147      -10.59543    
          13   1.107283      -8.144836      -9.666062    
          13   7.908767      -9.530849      -5.333611    
          13  0.1524256      -4.350431      -7.988569    
          40   7.792488      -9.090763      -11.60049    
          40   7.212790      -10.60181      -7.534100    
          29   6.001913      -7.489452      -6.686647    
          29   3.342323      -8.252531      -7.762204    
          13   9.041203      -12.90503      -10.52746    
          13   6.241674      -4.784960      -11.78761    
          13   1.810632      -10.00044      -3.306875    
          13   8.889525      -7.904904      -8.065641    
          40   8.175550       9.839149      -9.529470    
          29   8.498320      -4.374035      -12.76091    
          29   12.39160      -5.491634      -7.664439    
          29   10.89423      -10.00409      -11.95437    
          29   7.226472      -6.924496      -9.631533    
          13   7.619314      -6.633940      -4.831536    
          13   12.25922      -6.427535      -3.173104    
          13   9.716307      -8.738303      -10.25125    
          13   11.16625      -4.657979      -4.424372    
          13   13.23199      -10.41930      -9.689292    
          40   13.86573      -7.978481      -11.12512    
          40  -12.87021      0.3777196      -4.578678    
          29  -12.57132      -8.634068      -7.624983    
          29  -10.43709      -3.200779      -7.424592    
          13  -9.231460       12.81248      -9.677096    
          13  -11.52420      -5.203971      -7.808981    
          13  -13.14644      -5.413204      -3.256944    
          13  -12.99774      -3.624922      -6.385205    
          29  -7.420887      -3.001292      -5.083841    
          29  -4.621729      -5.896420      -8.223069    
          13  -9.278757     -0.3608564      -7.028671    
          13  -5.482547      -8.091512      -6.708873    
          13  -5.688669      0.6246179      -6.830458    
          13  -5.679880      -5.555201      -10.68303    
          13  -7.170338      -1.087514      -7.950476    
          40  -4.892970      -1.385910      -5.634438    
          29  -3.419701      -4.649015      -11.50744    
          29  -3.700226      -2.032680      -7.566321    
          13  -2.311033      -4.728356      -7.979732    
          13  -3.760538      -8.469739      -4.601909    
          40   1.077353      -3.250553      -5.495512    
          29  0.8504583      -1.123526      -6.636851    
          29   7.286708     -0.8390073      -9.470937    
          13   4.040135     -0.5380617      -9.739946    
          13   1.237414      -2.323597      -8.575409    
          13  -1.526735      -3.374656      -5.847003    
          40   7.455286      -5.024092      -7.572134    
          29   4.813221      -4.870271      -5.009213    
          29   9.542283      -9.975183      -7.232523    
          13   8.098520      -2.942735      -8.937757    
          13   6.270884      0.9440652      -5.751345    
          13   6.217565      -2.858631      -5.982474    
          13   8.820991      -2.837975      -6.743765    
          13   3.975911     -0.5356700      -4.758701    
          13   12.18406       1.374498      -6.462384    
          13   5.543051     -0.7313284      -7.352656    
          40   12.99224      -1.528834      -8.038147    
          29   11.77693      -2.305744      -5.092795    
          13   8.324550     -0.5042167      -7.042026    
          13   9.349524      -2.996664      -4.010753    
          13   9.842621      -4.989369      -6.362057    
          40  -9.631649       4.081910      -4.888897    
          29  -12.55145       4.600099      -7.178196    
          13  -11.85125      -1.141237      -7.186462    
          13  -11.17793       8.379695      -8.198968    
          13   12.35643     -0.2562589      -4.085351    
          13  -11.34506      0.9135509      -8.940539    
          40  -5.658679       4.030442      -6.914122    
          29  -5.025105       2.356476      -5.470172    
          29  -7.301936       3.195299      -4.606900    
          29  -9.886292       3.851840      -10.01286    
          13  -6.993753      -2.733140      -9.677045    
          13  -9.005554       2.490590      -8.378948    
          13  -11.87284       3.140524      -9.050469    
          13  -6.744744       2.753155      -8.605763    
          29   1.837462      0.7140157      -8.276698    
          13  -3.281297       3.416513      -7.097487    
          13  -3.363842      0.2525860      -7.539076    
          13  -3.542985       5.561562      -7.984851    
          13  0.7373791       1.470618      -5.975388    
          13  -1.150253      -1.867813      -7.964945    
          13  -1.734178       1.427108      -6.320306    
          29   5.509402       3.096944      -7.194835    
          29   4.328866       1.750666      -10.62308    
          29   3.131215      -1.371198      -6.828606    
          13 -0.9536303     -0.1561132      -3.942690    
          13   4.054955       1.036304      -7.218688    
          13   2.731549       3.384225      -6.683197    
          13  0.7056577       2.809642      -7.815086    
          40   10.55815       2.323234      -4.251230    
          29  -12.80357      -1.921068      -9.294489    
          29   6.929183       4.959797      -7.497343    
          29   5.987443       1.059074      -8.717676    
          13   7.644864       2.082864      -7.386089    
          13   7.024543       5.091374      -10.77768    
          29   9.078362       3.874985      -6.231530    
          29   9.243329       3.544566      -9.274791    
          29   8.968965       5.732080      -8.342564    
          13  -10.80122      0.8833356      -2.245773    
          13   14.01945      -3.702108      -9.068533    
          13   9.762486       1.431155      -6.727208    
          29  -7.762982       10.92481      -8.036963    
          13  -12.09447       6.753955      -6.556815    
          13   12.94032       11.39141      -13.16135    
          13  -9.782273       6.486933      -8.452358    
          29  -8.721482       9.235421      -9.682026    
          29  -5.437278       7.169375      -7.343986    
          29  -11.09414       2.369132      -5.295138    
          13  -12.81310       8.382715      -9.972801    
          13  -10.07291       4.402804      -7.590829    
          13  -2.434757       5.577602      -10.51013    
          13  -9.048236       8.221087      -2.883984    
          13  -7.529271       7.716293      -8.405604    
          13  -8.029475       5.091500      -9.534084    
          13  -12.51723       1.507459      -6.961263    
          29  -2.488658       7.159021      -12.67634    
          29 -0.1187543       5.670328      -6.862753    
          29  -1.219940       3.704767      -6.151622    
          13  -4.160866       8.750821      -8.634695    
          13  -3.573326       9.561872      -6.568525    
          13  -2.415178       7.426064      -7.334608    
          13  -7.396478       7.513604      -13.38964    
          13 -2.8730243E-02   8.974303      -7.567396    
          29   3.248787       6.105608      -9.883375    
          29   7.497880       8.456940      -2.518922    
          13   3.309026       7.523446      -6.788671    
          13  -1.420047       2.964988      -10.87189    
          13   1.531310       5.051758      -8.316932    
          13   7.110543       8.645113      -7.691873    
          13   4.027822       3.502841      -9.107039    
          40   11.71229       6.998118      -7.578491    
          29   9.473620       8.313786      -8.118170    
          13   5.706033       6.710782      -8.871239    
          13   3.688003       10.19863      -8.983905    
          13   5.486266       6.950771      -6.294024    
          13   5.767723       9.174537      -9.467019    
          13   10.83503       12.12770       13.36644    
          13   6.480969       11.87565      -10.93241    
          40   11.85307       4.802361      -6.402637    
          40   11.14588       3.177405      -8.068042    
          29   10.60006       8.792341      -6.044048    
          29   11.93623       9.518306      -9.097016    
          13   12.25392       3.123485      -2.023934    
          13   8.798699       12.09766      -10.52630    
          13  -12.62029       8.644007      -4.105540    
          13   11.58281      0.9350706      -2.119177    
          29  -14.10324       11.27250      -8.701755    
          29  -11.25481       11.90065      -5.514014    
          29  -13.14577       12.97288      -1.109171    
          13  -8.152407       8.811214       13.06817    
          13  -9.972547       12.48683      -2.460886    
          13   13.01460       13.41516      -12.08350    
          29  -3.756626       7.763416      -10.83096    
          13  -5.623209       6.643066      -10.03092    
          13  -5.385436       8.183911      -5.122001    
          13  -10.84206       14.13743      -6.232947    
          40 -0.9724852       11.54572      -6.834670    
          29  -4.017470      -11.11601      -6.530570    
          29  -1.979607       11.10242      -13.36047    
          13 -0.7742682       11.93462      -2.027145    
          13 -0.6605335       10.69885      -4.725456    
          13 -0.7688919       13.31589      -4.779188    
          13  -5.001037       11.00532      -10.74875    
          13  4.0047705E-02   12.43700      -9.157860    
          29   6.260972       10.13554      -5.753717    
          29   1.358062       12.02852      -5.872701    
          13  -1.215306       8.242144      -5.046455    
          13 -1.3510734E-03   13.66470      -6.911542    
          29   1.688513       8.870140      -12.93541    
          29   4.303199       11.23788      -6.390160    
          13   2.303200      -14.09010      -6.207837    
          13   10.91058       12.56207      -12.48573    
          40   10.14431       10.97311      -8.026365    
          29   9.093529      -11.61396      -5.641028    
          29   11.46108      -9.876080      -1.054264    
          29   8.199953       6.401617      -6.252462    
          29  -12.94964       7.649635      -12.29585    
          29  -11.09211      -11.41914      -2.231236    
          29   13.01009      -8.369082      -4.635274    
          13  -12.72656      -13.89446       1.169330    
          13  -9.130013       12.27184      -6.635752    
          13  -12.36289      -6.984288       2.132714    
          13  -13.00886      -7.873886      -5.234598    
          40  -12.68891      -10.37065      -6.070686    
          29  -5.373716      -11.85833       1.257837    
          29  -8.166783       10.94511      -2.326629    
          29  -13.68685       8.600358      -7.814093    
          13  -5.270338       12.05953       1.534565    
          13  -6.518571      -13.36766      -2.200235    
          13  -10.99852      -12.36735       6.377560    
          40  -3.411730      -13.30134      -1.507839    
          29  -2.866505      -10.47276       1.883309    
          29  -1.536433      -13.36831      -3.270856    
          29  -3.158045      -13.03920       1.069917    
          13  -4.211533      -11.41880      -2.817503    
          13 -0.9674048      -11.76955       1.642389    
          29  0.9334266      -8.444674      2.0710379E-02
          29   1.717631      -12.51830       2.650611    
          13  0.6817027      -7.612212      -4.567252    
          13   3.767473      -10.47159      -4.781843    
          13   1.643310      -12.48734      -2.478989    
          13 -0.6165108      -8.172364      -1.682518    
          29   9.246858      -9.794100      -1.807322    
          29   7.864913      -12.28140      -2.886199    
          29   3.317321      -8.946220      -1.143961    
          29   3.434422      -13.92438     -0.2083802    
          13   7.008511       13.97320      0.8275479    
          13   9.955614      -9.597165      0.7946519    
          13   1.450766      -12.69371      0.3377326    
          13   10.42368      -13.89133      -2.311707    
          13   2.937930      -12.90989      -4.299033    
          29   10.59647      -9.984198      -5.052882    
          29  -9.731258      -9.072393      -3.666262    
          29  -12.51252      -9.738036      -3.386701    
          13   10.87516       10.78590      -4.783268    
          13   10.67039      -8.111543      -2.374631    
          40  -12.33269      -10.84812     -0.3593154    
          29  -12.53761      -11.16509      -8.469590    
          29  -10.36878      -4.640996       2.243684    
          13  -11.19609      -5.604129      -1.995620    
          13  -8.254461      -9.015708      -6.211078    
          13  -10.70908      -8.791705      -6.201710    
          13  -10.64523      -8.597735       1.638096    
          13   12.83813      -12.26110      -2.377106    
          40  -9.041200      -6.737249      -2.278368    
          29  -6.152093      -9.638529      -5.158455    
          29  -4.963058      -8.622391     -0.8202204    
          13  -11.31660      -11.90371      -4.690330    
          13  -10.16048      -6.156636      0.4177919    
          13  -9.439702      -3.525290      -2.629392    
          13  -7.573810      -6.653540      -6.639734    
          29  -3.324662      -8.425602      0.9000202    
          29  -1.728230      -10.74477      -1.938477    
          29  -3.683522      -10.51073     -0.2752563    
          29  0.2081207      -5.042834      -3.849308    
          13  -6.114208      -9.638061      -2.795164    
          13  -7.298898      -7.720821      -4.311129    
          13  -2.980249      -8.551476      -2.059355    
          13  0.6300686      -10.78561      -1.364192    
          13  -9.711723      -7.139376      -7.558267    
          13  -3.086405      -5.446838      -4.437528    
          29   1.311150      -4.166632      -1.994839    
          29   2.426220      -5.759379      -3.981086    
          29   1.587576      -7.875131      -2.353627    
          29   3.368754      -8.418748      -3.875470    
          29  -1.735324      -7.464299      -3.958625    
          13  0.6326250      -6.095123      6.5952092E-02
          13   3.033290      -6.215865     -0.3687931    
          29   6.715292      -5.544043      -2.841937    
          29   5.773437      -8.205363       2.405095    
          13   5.861246      -7.105685     -0.9679288    
          13   5.328933      -9.967205      -1.829818    
          13   5.674925      -9.338360      -4.195156    
          13   7.632423      -4.352417      -4.692575    
          40   13.03460      -8.416024       1.675191    
          40   13.87205      -10.53603      0.5115893    
          29   7.757979      -8.677993     -0.3595471    
          29   7.428934      -1.111760      -5.033535    
          13  -13.26518      -13.04217      -1.639102    
          13  -13.40455      -6.455076      -7.369282    
          13   9.657882      -7.713768      -4.424723    
          13   7.717052      -8.221194      -2.816623    
          13   12.99508      -1.103489       1.601170    
          40  -10.89929      -6.266309      -5.372056    
          29  -12.85812      -1.021675      -2.232180    
          29  -11.77494      -1.778530      -4.253734    
          29  -12.15389      -3.528153      -1.915228    
          29  -10.63031     -0.2720798     -0.2538384    
          13  -13.67333      -2.275167      0.4276415    
          13  -10.32194      -1.411337      -2.513980    
          40  -9.768227      -2.747313      -4.863455    
          40  -4.309128      -6.188159       1.773137    
          29  -8.912305      -1.811620     -0.7670805    
          29  -7.186531      -5.267876      -2.150031    
          29  -6.982843      -7.713569      -1.928947    
          13  -5.423759      -5.667388     -0.5233914    
          13  -8.020118     -0.5145035      -2.700732    
          13  -6.074842      -1.988926      -3.108004    
          13  -6.294867      -3.224749     -0.8680485    
          40 -0.9841232      -4.058179      -1.714095    
          29  -1.903401     -0.8613174      -5.908558    
          29  -5.750689      -4.403896      -3.841821    
          29  -4.354440      -4.162784      -1.909018    
          29  -1.996808      -5.059043      0.2540211    
          13  -3.421972      -2.419152      -3.538920    
          29   4.040559      -1.686208      -2.417738    
          29  0.9386063       1.388736      -2.261612    
          13  -1.109255      -2.708036      -3.696989    
          13   3.122607      -2.644093      -4.521516    
          13   3.787221      -4.527638      -2.607370    
          13  -4.577439     -0.9422917      -1.676328    
          13   1.042073      -1.776683      -2.344464    
          29   5.388972      0.4511812      -3.014891    
          29   9.737032      -1.621726      -1.504072    
          13   6.033035      -2.548291      -3.353569    
          13   8.407421     -0.5000016      0.3025393    
          13   7.286007      -1.854152      -1.421799    
          40   10.79947     -0.6075517      0.2437583    
          29   9.922915      -5.937188      -8.973973    
          13   12.09311      -5.812162       1.607091    
          13   13.71860       1.720574      -3.281719    
          13   12.86825      -2.075016      -1.109683    
          13   13.11867      -4.332921      -2.889571    
          29  -11.90497       6.216927      -4.004664    
          29  -10.50867       2.775137     -0.9933860    
          29  -8.198318       3.214725       1.579972    
          29  -13.93815       4.524531      -2.650987    
          29  -12.40953       1.036229      0.7713606    
          13  -12.10882       3.229217      -3.313590    
          29  -6.743639     -0.6852464     -0.7470851    
          13  -7.335976     -0.3265327      -5.192511    
          13  -8.381455       2.005309      -2.645836    
          13  -9.770467      0.5420807      -4.984472    
          13  -5.513796       3.537565      -3.140286    
          40  -1.370405       1.435275      -1.564008    
          29 -0.5165437       2.958300      -4.120034    
          29  -5.963213       1.048551      -3.232612    
          13  -1.711964       4.125625      -2.376689    
          13 -0.2183592       2.909482     -0.1935220    
          13  -3.168864      0.4075564      -3.529940    
          13  -3.240364       3.332617      -3.869452    
          13  -4.379666       1.699602      -1.525385    
          29  0.7824659       4.035144      -2.240358    
          29   4.467353       1.718305      -1.044226    
          13   1.521353     -0.1634845      -4.548700    
          13   2.317351       1.945811     -0.3091956    
          13   1.746826       3.608429      -4.366598    
          13   3.142193      0.4173358      -2.633230    
          13   3.662828       3.712819      -2.305724    
          29   8.156675       3.128317      -3.304404    
          29   4.280327       2.285076      -5.072797    
          29   7.794276      0.9503833      -3.953280    
          29   9.972914       4.152067      -1.207432    
          13   5.819211       3.108739      -3.030598    
          40  -13.20626       1.883888      -1.366524    
          29   13.16994       7.667515       1.340958    
          29   10.02144     -0.7685015      -4.041985    
          29  -14.13301     -0.1084595      -6.683500    
          29   12.87689       5.539496       2.385150    
          13   9.283366      0.9073353      -1.678567    
          13   13.42758       2.542290      7.2207361E-02
          13   12.66202       3.771107      -4.392307    
          40  -14.11083       6.161070      -5.015289    
          29  -12.29284       4.435491     -0.4957234    
          13  -8.849140       6.634827      -1.199579    
          13  -11.12870       6.771832      0.3020241    
          13  -9.662428       6.485551      -4.393425    
          13  -11.73733       5.060756       4.339445    
          13  -13.21674       8.312320     -7.9172924E-02
          29  -8.205233       7.795055      -5.750001    
          29  -7.270008       6.142145      -3.999204    
          29  -6.586219       6.152577     -0.9862537    
          29  -8.318508       4.406751      -2.793709    
          29  -6.605640       9.075103      -2.771753    
          13  -10.49615       10.25371      -2.876087    
          13  -6.768591       7.049729       2.243625    
          13  -8.749784       11.41400      0.7443096    
          29 -0.3172233       6.032900      -3.685997    
          29  -7.505182       5.663006      -6.303606    
          29   1.577539       10.96165      -1.427148    
          13  -4.823419       7.022243      -2.280041    
          13   2.629277       5.600242      -5.642769    
          13  -4.958166       5.792421      -5.248820    
          13  -2.650221       5.665804      -5.614626    
          40   2.717479       6.057698      -2.926328    
          29   6.711875       6.998306     -0.9247054    
          29   3.596941       9.089272     -0.1233945    
          29   4.652538       4.857104      -4.788060    
          13  -2.800215       9.924642      -4.058128    
          13   1.261217       9.168163      0.2456837    
          13   7.042868       7.821463      -4.826164    
          13  0.8006697       8.121053      -3.177972    
          13   5.307058       7.976387      0.9865258    
          13   1.172541       7.579294      -5.563951    
          13  -2.074729       6.398894      -1.715379    
          29   11.90173       7.192768      -4.628199    
          29   6.969112       5.366668      -3.201401    
          13   7.167687       11.02815      -7.810320    
          13   6.185485       9.547064     -0.9847560    
          13   7.760435       8.336204       1.452073    
          13   6.766977       3.238995      -5.119891    
          29   14.08102       6.670931      -1.550261    
          29   12.16672       9.230388      -3.646525    
          29   9.842515       5.064810      -4.001829    
          29   8.684800       9.153992     -0.5134023    
          29  -11.11833       7.665297      -2.092620    
          13   9.944057       12.56172     -0.7572105    
          13   12.07369       5.573063      -2.242716    
          13   12.06971       7.794744      -1.671432    
          40   12.54752       12.26740     -0.8977752    
          29  -9.044253      -12.63135      -2.813181    
          29   13.42024       13.88304      -2.968869    
          29  -11.02872      -13.73008      -1.993682    
          29  -12.86354       11.74372      -3.680826    
          29  -12.56727       9.610147      -1.956861    
          13   12.91129       8.779490      -6.020614    
          13  -13.81169       11.35642      0.4820676    
          13  -7.500857       10.02496      -4.866933    
          13   11.45071      -13.94454      3.7480623E-02
          40  -5.224230       10.69964      -4.231242    
          40  -3.995482       12.73985     -0.3006025    
          29  -6.073274       12.92098       3.775525    
          29  -7.075709       12.63564     -0.7536977    
          29  -7.516099       13.40805      -4.718113    
          13  -4.240786      -13.63049      -3.756602    
          13  -5.563286       10.58558     -0.9442375    
          13  -3.434102       9.989788      -1.500399    
          29 -0.9487159      -12.63086     -0.7342302    
          29   1.330018       13.08639     -0.3820255    
          29  -1.576638       13.22383      0.2280020    
          13  -2.837328       7.579500      -3.582794    
          13  -5.620544       12.83461      -2.492533    
          13  -3.752963       11.86053      -5.730365    
          40  0.9447649       13.33575      -2.774979    
          29  -1.166204       9.377709      -2.558371    
          29   4.120804      -12.30313       3.199097    
          29   4.454389       7.116259      -1.862167    
          29   1.550003       10.26842      -3.757251    
          13   2.784259       12.33632      -4.129946    
          13   4.482967       7.492682      -4.159703    
          13 -0.3280027      -11.08642      -3.772143    
          13   3.014543       8.718461      -2.783914    
          13  -3.266184       12.54592      -3.584630    
          13   2.633840       9.674705      -6.160392    
          40   5.992079       12.05149      -3.351817    
          40   9.289623       12.85063      -6.081320    
          40   9.180976       6.521024      -1.698608    
          29   7.780471       11.10007      -2.212839    
          29   4.008710       11.33356      -1.606256    
          13   5.196401       9.729506      -3.289840    
          13   6.625067       12.99786      -6.113205    
          13   8.609214       9.964218      -6.137281    
          13   5.938046      -13.44598      -1.980172    
          29   13.24852      -10.71958      -4.936164    
          29   13.07134       9.661818     -0.2679157    
          29   13.16011       12.87348       1.969827    
          29   12.96603       11.67340      -3.396332    
          13  -10.83968       9.011306      -5.491580    
          13   9.468564       7.315620      -3.930269    
          13   11.85319      -9.867007      -7.216588    
          40   10.64421       14.05459       5.683442    
          29  -8.257204      -10.67358      -4.378946    
          29   8.044044      -12.58388       4.786321    
          29  -10.56477      -7.388000       3.734794    
          13  -12.92524      -7.059539       4.380361    
          13  -9.374806       13.58089     -0.4240404    
          29 -0.4974256      -13.32981       3.325092    
          29  -8.654110      -14.12111       3.896064    
          29  -6.494718      -7.311442       1.763308    
          29  -8.308700      -12.62373      4.5498163E-02
          29  -5.724194      -11.15159      -1.050326    
          29  -7.438037      -10.02484       9.051039    
          13  -10.12068      -13.46995       2.199591    
          13  -9.921808      -11.14812       2.226111    
          13  -5.709762      -11.10139       6.470109    
          40  -1.888288      -10.45204       4.125857    
          29  -1.200940      -9.402428      0.1668821    
          13   1.197617      -8.680779       4.115535    
          13  -1.765595       13.91518       5.056396    
          13  -7.336561      -12.69324       2.609368    
          13  -9.499140      -11.99060       4.698596    
          13  -4.942051      -14.00600       2.195665    
          40   2.178767      -10.05686       1.107192    
          13   3.100152      -14.09299       4.591260    
          13   3.793047       13.81343      -2.517940    
          13   3.037875      -7.679330       1.782726    
          13   4.475798      -9.401998      0.8931971    
          29   4.088912       13.09778       7.980466    
          29   14.06557      -10.49027       3.029658    
          29   3.829926      -11.16948       5.179583    
          13   3.948254      -9.111979       3.866734    
          13   1.150765       12.91107       4.130430    
          13   10.60448      -12.11326       2.927284    
          29   13.21553       10.37028       7.120616    
          29   9.380507       14.12283       1.017112    
          29  -13.74172       11.02386       5.221824    
          13   11.29422      -11.51900      0.5438541    
          13   8.697548      -11.80350       1.446543    
          40   13.53943      -4.196854     -0.3588396    
          29   14.13121      -6.359418      0.7544825    
          13   13.84487      -4.145500       7.109374    
          13  -11.60710      -7.517589      -3.474894    
          13  -10.64329      -8.248115      -1.178268    
          13  -12.00514      -4.594944      0.4158805    
          40  -5.923067      -4.263875       5.608192    
          40  -8.103847      -8.601318     -0.1138456    
          29  -8.388325      -7.019494       3.033070    
          29  -7.807942      -5.437333       1.481164    
          13  -6.559294      -9.121711       3.690665    
          13  -5.948759      -6.988268       4.401503    
          29  -5.552354      -9.477182       1.207995    
          29  -2.381621      -6.491872       3.204463    
          29 -0.8303064      -4.363888       2.099735    
          13 -0.6568925      -7.631255       6.339922    
          13  -4.055164      -8.154420       3.313102    
          13   1.411794      -6.425928       3.763659    
          13  -3.371104      -6.488722      -1.102177    
          13  -4.161266      -9.141870       8.477853    
          40 -0.6406954      -7.714772       2.263860    
          29   1.707916      -4.785614       2.041732    
          29   4.094722      -5.154897       1.365601    
          29   5.747406      -5.244819       2.948648    
          13  -2.183928      -9.291984       6.772248    
          13   4.184086      -6.688625       5.826265    
          40   6.604061      -6.719020       6.888665    
          40   7.986227      -8.466366       1.946611    
          29   8.741667      -5.854746       5.555408    
          29   6.434731      -10.35108       1.567470    
          29   9.216146      -5.655694      -3.398225    
          13   9.386491      -5.050155      0.8415030    
          13   7.311287      -5.900991       1.240583    
          13   8.354991      -10.59300       3.551137    
          13   5.357779      -3.362355      -1.295628    
          29   11.26861      -5.745893       7.074180    
          29   11.01026      -5.680814     -0.9485068    
          29  -13.35220      -6.829811      -1.486622    
          29  -12.48375      -11.65788       1.793476    
          29   10.61081      -7.538417       1.633745    
          13   11.13849      -3.520436      0.4444710    
          13   12.53741      -7.634927     -0.5219591    
          13  -13.10093      -8.724935      4.0756792E-02
          13   11.02536      -3.367692      -2.478178    
          29  -11.45381      -4.221775      -4.206440    
          29   11.94675      -3.749496       2.734619    
          29  -12.38373     -0.4421523       3.664309    
          29  -11.95590      -2.982355       2.630212    
          13  -10.14898     -0.6203266       4.440322    
          29  -10.97243      -2.492795      8.5850947E-02
          29  -9.750199      -1.417781       2.314757    
          29  -7.937899     -0.8692552       3.816683    
          29  -5.782230      -3.367521       3.344307    
          29  -5.608117      -4.186370       1.205124    
          13  -9.368618      -4.142156     -0.3227128    
          13  -5.330720     -0.9925748       3.324137    
          29  -4.159907      -1.941141      0.4195957    
          29  -3.054325      -1.238563       2.988498    
          29  -1.962473      -2.560991      0.6022614    
          13  -2.045674      -3.665530       4.165937    
          13  0.1742524      -2.978104     -5.0653413E-02
          13 -0.7763916      -1.695937       2.675553    
          13  -5.914076      -5.780444       9.727204    
          13  -3.311568      -3.755264       2.264652    
          29   1.798941      -2.074152       1.985735    
          29   4.178553      -2.365615       1.562852    
          29   1.039388      -3.722267       4.127639    
          13   3.076819      -3.309329     -0.2213604    
          13   1.777983      0.5052653       2.176399    
          13  -1.697653     -0.8644345      -1.843781    
          40   6.913641      -3.623323       1.840979    
          40   8.174628      -4.247838      -1.629871    
          29   7.897296      -1.617412       2.928715    
          13   3.833889      -3.441637       3.570505    
          13   4.061375      0.2932582       1.597584    
          13   5.524783      -1.184143       3.031937    
          13   8.502825      -2.830315      0.4236470    
          13   2.532320     -0.4145174     -0.1499812    
          40   14.14142      -2.572394      -4.325476    
          40   13.00158      -6.757348       3.897529    
          29   14.06166      -2.746996       2.878718    
          29   11.71073      -1.928230       4.283473    
          13   10.34218      -2.045820       2.230419    
          13   12.41207      0.4887683       3.623511    
          40  -9.764951       1.502981       1.495662    
          29   12.39171       2.670061       2.332150    
          29  -8.261034       1.476379       4.290583    
          13  -13.03854       6.465964       1.820847    
          13  -13.96421      0.6649137       5.508746    
          13  -13.69030       1.571422       3.368289    
          13  -12.66968       2.060062       7.028576    
          29  -9.450027       4.576325      0.1950267    
          13  -8.662058      0.9812337     -0.5004728    
          13  -8.252346       5.072563       3.794269    
          13  -6.436973       2.164278       2.679191    
          13  -10.50912       5.311924      -2.218330    
          13  -7.432940      0.5519601       1.385755    
          13  -7.166741      -1.818159       1.482183    
          40  -4.761853      0.5470311       1.107010    
          40  -3.823245       3.016048       5.810338    
          29  -2.500842     -2.1172352E-02  0.5681918    
          29  -2.485639       2.718540      0.4477970    
          13  -6.740342       3.713741     -0.9451171    
          13  -1.549766       3.754779       2.577298    
          13  0.2617660       5.068230       3.430077    
          13  -3.224570       1.704961       3.140940    
          40   2.525518       4.451583       3.451600    
          29  0.9408400       3.344296       1.730168    
          29  -1.179635       1.091694       2.194442    
          13   3.432823       3.118161       1.328913    
          13  0.2919252     -0.2812945      0.2479549    
          13  0.6210282     -0.6856160       4.215760    
          13  0.5802347       2.067608       3.988461    
          29   6.821610     -0.5947864       4.820487    
          29   5.798701       2.679042       1.123574    
          29   5.204535       1.407006       3.401644    
          29   5.387304     -0.7478357     -0.7896852    
          13   9.971478       3.483485       2.449347    
          13   6.754201       1.471067      -1.133134    
          13   6.319671      0.2172991       1.066546    
          13   7.644867      0.9002556       3.136384    
          40   10.99069       1.892806      5.0928578E-02
          29   13.83906     -6.5746099E-02 -0.4822595    
          29   10.69687       6.466040       2.770251    
          13   10.06581      0.6360169       2.651522    
          13   13.93569       4.839591      0.4747545    
          13   11.58827       4.739048       4.346973    
          13   8.274792       2.788965      0.6870849    
          40  -11.30944       7.622794       2.745962    
          29  -13.68312       3.308833       5.213677    
          29  -9.173705       7.137218       1.827285    
          13  -10.04733       9.459586     -0.7742887    
          13  -9.320481       3.562662       5.609298    
          13  -11.63070       3.058685       1.499645    
          40  -6.590568       8.199051       4.359007    
          29  -4.368001       3.739436       1.866522    
          29  -8.901288       9.482408       1.992603    
          13  -7.306769       13.16738       1.571042    
          13  -4.162209       6.724057       3.319117    
          13  -5.578505       4.589394       3.685940    
          13  -6.507125       4.912201       1.262533    
          40  -4.265760       4.577729      -1.431875    
          29  -3.103615       8.082486     -0.2843430    
          13 -0.3641346       8.931348       1.991395    
          13 -0.4483396       7.519275       3.815831    
          13  -2.041652       5.191308      0.2165504    
          13  0.2341145       6.031804      0.4567091    
          13  -4.273503       6.028323      0.6680216    
          40 -0.8271197       8.060896     -0.1393689    
          29   3.677050       5.862756       1.090382    
          29   6.433286       6.278407       2.671301    
          13   2.236579       7.053991     -0.2704493    
          13   2.142294       4.734963     -0.2589263    
          40   5.264174       4.622649     -0.2526702    
          29   8.439199       10.17415       3.477674    
          29   7.177696       3.764280       2.686400    
          13   4.768630       4.283087       3.049865    
          13   10.56577       7.487933      3.2809794E-02
          13   7.568507       4.594048     -0.7238022    
          29   8.442402       11.25275      0.5005122    
          29  -14.01731       5.863413       4.195501    
          13   10.64284       10.20979       4.345325    
          13   8.852569       7.897863       3.774946    
          13   9.993496       9.057833       2.061000    
          13   11.75586       5.497271      0.3462105    
          13   12.29186       9.679610       2.011980    
          40  -7.933707       8.551407     -0.2470164    
          29  -9.555761      -10.54807      4.6987556E-02
          29  -10.73221      -12.60789      0.1128677    
          13  -11.40433       10.07036       1.113167    
          13  -11.15384       12.06112     -0.4325050    
          13  -13.63586       11.30669       2.875777    
          13  -12.17730      -9.321947       3.449080    
          13  -11.77459       13.72721      -3.979526    
          13  -11.41801      -14.06697       3.977236    
          40  -3.565607       11.78319       4.147191    
          29  -6.541470       10.11787       1.228945    
          29  -4.372288       9.444304       3.084811    
          29  -2.087091       10.70532       1.841673    
          13 -0.8012630       10.46208     -0.2209285    
          13  -4.013496       10.17379      0.6917928    
          13  -8.514104       11.94009       3.444514    
          29  -1.621913      -13.45781       12.93415    
          29  0.6991743      -12.33034       5.565531    
          29  -1.161438      -12.86707       7.104891    
          13  -2.928799       9.520763       7.257584    
          13 -5.1719785E-02   13.09366       1.932826    
          13  -2.614233       8.097552       1.978044    
          13  -5.445712       8.412948     -0.1603480    
          13  -2.238003       13.11170       2.563338    
          40   3.960105       10.67018       1.539049    
          40   4.874822       13.25140       1.801916    
          29   1.576764       11.56883       1.425311    
          29   2.559052       13.63394       1.832047    
          13   5.159335      -10.68698       7.392115    
          13  -4.511075       7.792943       9.521184    
          13   2.062061       9.543584       3.414636    
          13   6.190729       11.17684       4.568380    
          29   10.78262       10.21464     -4.2722270E-02
          13   8.376822       6.010707      0.9122580    
          13   3.381136       12.04215       3.881349    
          13   6.956542      -11.58736     -0.6055704    
          13   7.716046       12.21412       2.504225    
          13   7.955980       11.52228      -4.534553    
          29   11.47800       14.04262       3.515152    
          29   5.231072      -12.78770       1.013913    
          13   7.739482       13.28541      -1.542081    
          13  -11.33265       12.22821       1.917054    
          13   10.06011       9.574137      -2.590428    
          13   13.65842       13.18176       4.314535    
          29  -12.45069      -13.25090       8.354581    
          29  -8.076962      -11.26723       7.045797    
          29  -11.58318      -9.518409       10.62386    
          13  -10.17298      -10.43883       7.912413    
          13   13.80394      -12.55676       4.104585    
          40  -7.101038      -13.67769       5.998303    
          29  -7.255167      -11.16024       4.655151    
          29  -8.899322      -9.073631       4.363824    
          29  -6.295920       13.70048       7.950400    
          13  -5.488942      -12.99174       4.346378    
          13  -11.35672       13.59611       6.488584    
          29   1.655663      -13.08343       11.77698    
          29  -12.97095      -12.85931       11.04305    
          13  -4.727165      -9.292667       5.314599    
          13  0.8033675       13.78785       7.121610    
          13  -4.566601      -10.96082       9.971956    
          13  -3.514868      -11.25198       7.923936    
          29   1.910777      -10.05618       6.174220    
          29  0.8836573      -8.617467       7.768344    
          29  -1.334920      -9.782207       12.14525    
          29   5.975813      -12.85583       5.709280    
          13   7.714192      -9.660809       6.040313    
          13   3.360137      -13.39384       9.334007    
          40   5.441357      -8.522799       8.172112    
          40   7.913165      -10.11894       8.690794    
          29   4.470229      -8.368926       11.84806    
          13   7.317495      -9.833989      -14.04846    
          13   10.19556      -10.13322       9.581492    
          13   6.786863      -12.51973       2.737654    
          13   6.036663      -10.32141       4.633400    
          13   6.931408      -7.520061       10.23414    
          13   5.454265       14.01834       3.865347    
          13   7.781003      -12.50288       9.494002    
          29  -11.21872       13.95202       10.77759    
          13   10.00761      -9.777171       6.590428    
          13  -12.96700       13.02081       11.92492    
          29  -12.47200      -9.410439       7.765804    
          29  -11.15300      -7.930327       5.911663    
          29  -11.58782      -5.024504       4.929023    
          13   12.81867      -3.973116       4.877361    
          13  -13.44267      -4.874607       3.450413    
          13  -11.04410      -6.797155       9.085644    
          13  -9.328059      -5.168089       4.299489    
          40  -7.538715      -6.130972       5.907416    
          29  -3.561690      -6.926876       8.650642    
          29  -10.00499      -5.567481       6.708879    
          13  -12.48888      -7.403310       10.98718    
          13  -12.06416      -1.397365       5.732982    
          29 -0.6134413      -5.463295       5.045189    
          29  -4.922513      -6.981692       6.688941    
          13  -2.973779      -5.129725       9.957850    
          13  -1.116962      -8.513021       9.053873    
          13  -3.628836      -11.58709       5.587360    
          13  -1.292140      -6.189545       8.588200    
          13  -1.044659      -10.72166       8.254685    
          40  0.4765793      -5.704000       9.977725    
          29  -3.176399      -9.308447       10.73861    
          29  0.4861037      -10.81988       3.808619    
          13   1.592640      -6.285539       6.266831    
          13   1.663970      -9.846479       10.15997    
          13   3.081337      -4.632440       5.464399    
          13   2.954929      -7.600697       7.722027    
          40   9.697208      -4.195466       7.664197    
          29   6.207184      -7.021666       4.668534    
          29   6.163391      -4.879248       5.468942    
          13   4.576286      -3.246651       10.57969    
          13   9.173470      -8.445166       4.492680    
          13   9.160863       13.33195       8.082007    
          13   8.312789      -5.351270       3.237379    
          29   12.38828      -3.995024       8.962729    
          29   10.59157      -5.286710       3.816108    
          29   8.039605      -6.144647       8.631750    
          13  -12.18855      -3.658035       6.920733    
          13   10.57975      -5.276218       9.463744    
          13   14.12381      -9.239531       5.281686    
          13  -12.00683      -10.33239       5.737142    
          13   13.88262      -6.837924       6.253434    
          29   14.01317      -1.839952       8.552509    
          29  -13.78797     -0.6769168       11.38362    
          29   12.98142      -6.534894       8.725453    
          29  -9.935019     -0.9056942       6.848216    
          29  -10.24902      -3.044292       4.283528    
          29   13.97950      -1.940369       5.493779    
          13  -11.33804     -0.2293348       10.50571    
          40  -6.080646      -1.730535       5.870487    
          29  -4.013206      -2.590011       4.983004    
          29  -8.176977      -3.540117       2.825907    
          13  -9.238564      0.3609543       13.20000    
          13  -9.273871      -2.307824      -11.56697    
          13  -9.312351      -2.960081       7.997575    
          13  -8.784589     -0.7200232       8.957074    
          13  -6.618678     -0.6902085       10.65255    
          13  -3.522458      -5.249225       5.035552    
          13  -10.44901       1.402731       6.125639    
          13  -8.358295      -2.628525       5.721744    
          29  -1.118160      -3.852904       8.652124    
          29  -1.968594      -1.372722       5.116683    
          29  0.9225077      -1.967687       7.606738    
          29  -1.841970      -1.886176       7.501886    
          13 -0.3699675      -2.781617       5.917106    
          13  -2.133866      -4.094376       6.611499    
          13  -4.255762      -4.095165       7.829884    
          29   3.036602     -0.9020796       3.709341    
          29  0.6687220      -4.399836       7.254336    
          13   4.046836      -3.912387       12.85890    
          13   2.208532      -2.207993       5.614151    
          13   3.420470      -1.430799       7.407904    
          29   8.392061      0.6492974       7.170499    
          29   7.450433      -3.039316       5.041428    
          13   5.145184      -2.460200       5.299713    
          13   6.469213      -1.562662       7.076919    
          13   6.988975      -4.325712       7.587517    
          13   5.070768      -2.964177       8.273323    
          13   9.947805      -1.222767       7.629818    
          29   10.48564      -2.855351       9.543548    
          29   12.36289      -1.422997       10.36990    
          29   11.52666       2.688904       8.467937    
          29   9.386285     -0.6314844       4.459988    
          29   11.22806     -3.8537830E-02   12.21614    
          13   11.93757     -8.0395006E-02   8.578103    
          13   7.303588      -1.701371       9.363817    
          13   10.11253      -3.451438       5.182146    
          13   11.04304      0.3901448       5.749795    
          29   14.01484       6.555669       9.854752    
          29  -11.19224       2.700025       4.125547    
          29  -9.442703      -1.403185       11.49348    
          29  -12.61799     -0.2765824       7.632907    
          29  -11.08124       3.844424       7.257814    
          13  -13.18503       5.258595       6.354144    
          13  -10.29827       4.638960       2.549478    
          40  -8.123512      0.6728595       6.651666    
          29  -1.668714       2.330631       9.454067    
          29  -6.535910       3.326377       5.497035    
          29  -5.667400      0.7558694       5.962162    
          13  -5.625036       2.384603       7.577929    
          13  -7.125521       3.615619       9.211658    
          13  -11.97938       4.842185       9.472007    
          29  -1.726096       2.464320       4.693638    
          29  -3.535841       1.477779       7.947715    
          29 -0.4297423       4.379114       6.092834    
          13 -0.2710361       4.377459       11.02314    
          13 -0.8421545      0.5133113       6.267066    
          13  -1.466065       2.495467       7.196626    
          13  0.4800116       1.951858       8.489290    
          13  -3.616867      0.3190982       5.009241    
          13  -4.299695      -1.547019       7.467667    
          29  -1.591625       5.514929       8.792422    
          29   2.256723      0.1570512       5.997309    
          29   1.551474       3.296258       5.671705    
          29   5.319430       12.83783       5.855106    
          13   5.193554       6.567260       6.973889    
          13   6.410497       2.507572       5.035197    
          13  0.7814298       3.297199      -13.05096    
          13   3.436303       1.124652       7.879750    
          29   2.935905       1.857776       3.811715    
          29   9.450893       1.719865       8.923369    
          13   4.664406     -3.7586130E-03   5.573298    
          13   5.941241       4.217306       7.414992    
          13   10.72880       3.167514       6.095379    
          13   6.099825       1.257675       6.994015    
          13   8.226531       2.998003       7.193070    
          29   8.903205       1.940493       4.743435    
          29   11.06681       6.787480       7.586073    
          29   13.81544      0.9314698       9.598569    
          13   13.20501       2.252119       6.744311    
          13   12.64687       5.223069       6.515200    
          29  -9.871297       5.072713       12.01816    
          29  -10.67238       6.565426       6.941942    
          13  -13.51733       3.993060       2.571830    
          13   13.06389       6.479922       12.23529    
          13  -12.87411       7.610576       5.787688    
          13  -12.91467       6.894813       7.971993    
          13  -12.35158       9.535591       7.118104    
          29  -11.25805       8.867493       4.720227    
          29  -7.944818       7.094682       5.944991    
          29  -10.11882       6.628377       4.710311    
          13  -8.072438       4.632516       7.311335    
          13  -4.621942       8.967151       5.603661    
          13  -8.169115       10.12456       4.965408    
          13  -9.148914       2.611825       8.302283    
          13  -5.353168       6.172357       5.534814    
          13   2.486436       10.92479       5.916522    
          13 -0.7974227       8.084577       6.640671    
          13  -3.191011       4.736305       4.173119    
          13  -2.301814       6.292950       5.800333    
          13  -6.553336       7.038209       7.769167    
          40   4.413533       10.78943       7.240419    
          29  1.8570900E-02   9.614367       4.619732    
          29   3.606466       5.550340       5.273159    
          13   1.502293       10.73622       11.97165    
          13   1.165370       6.103023       6.097333    
          13   4.239996       9.710408       4.170671    
          13   2.259437       6.775594       2.722600    
          13   2.231792       5.648450       9.661688    
          29   8.729372       9.227574       11.14619    
          29   7.257001       5.879233       8.707365    
          29   8.805932       4.732751       4.044975    
          29   8.985817       5.357730       7.226142    
          29   12.23718       7.286704       4.326175    
          13   6.685974       5.225146       4.872694    
          13   6.334439       9.075895       3.455531    
          13   5.175324       7.030949       4.415556    
          40   11.50081       8.896214       6.004354    
          29   10.45380      -12.75893       7.924335    
          29   9.422264       12.08386       5.237570    
          29   7.147850       7.475899       6.030517    
          13   10.06123       6.353494       5.251469    
          13   10.93686       10.03631       12.08285    
          13  -13.91773       8.235189       3.232849    
          29  -11.05940       11.94156       4.686095    
          29  -11.65909      -11.70645       3.917693    
          29   13.17890      -13.17945       1.426363    
          29  -13.18962       11.90570       7.901669    
          13   9.419806       8.306231       6.807348    
          13  -9.736222       8.991901       11.06695    
          29  -8.474001       11.59181       8.097831    
          29  -5.817672       11.01219       9.973400    
          29  -10.32793       13.25336       8.703762    
          13  -9.354486       12.45273       6.117735    
          13  -6.781703       9.177468       6.551295    
          13  -7.208515      -12.71677       11.26956    
          13  -2.491457       9.379496       4.379879    
          13  -5.624336       10.78539       4.505884    
          40  0.5062067       11.42055       7.408113    
          29  -3.583210      -12.28362       3.201780    
          29  -1.620311       11.32117       5.410299    
          13  -1.679250       13.07540       7.294174    
          13   2.787942       7.923193       5.575711    
          13  -3.312179       4.017983       7.843724    
          13  -6.563270       11.80841       6.489244    
          29   1.326928       13.15893       9.315741    
          29   2.057214       10.66209       8.934808    
          29  0.4955820      -12.86518       8.831549    
          29   4.745580       11.93195       10.20676    
          13   1.017577       9.048355       7.693441    
          13   3.033405       13.17086       11.41269    
          13   10.42436       11.65403       1.851961    
          40   7.720544       13.61954       6.347376    
          29   6.773042       11.88752       7.525447    
          13   8.880824       13.75734       3.734977    
          13   6.004926      -13.46919       7.985002    
          13   6.319985       10.22663       1.362914    
          13   2.890000      -13.03985       7.070155    
          13   5.480800      -11.81221       11.22863    
          13   6.744079       8.057122       8.302857    
          29  -13.40042      -11.13053       9.108036    
          29   5.567234      -14.01467       10.33033    
          29   12.88133       9.599030       4.305707    
          29   11.82452       11.88999       8.130463    
          13   13.17561      -13.12516       8.641284    
          13   12.10268       12.02281       5.749076    
          13   12.48591      -12.49479       6.376090    
          13   9.684991       11.22518       7.344326    
          29  -6.345776       12.90939       13.87685    
          29  -11.89563      -13.83410       13.34935    
          29  -13.39701      -12.45731       6.116069    
          29  -13.42653      -12.89597      -12.89542    
          13   11.69447       11.81389       10.49776    
          13  -10.26141      -12.67958       9.162719    
          29  -1.679445       13.60850       9.643822    
          29  -12.01011      -7.468068       13.26234    
          13  -6.313553       13.32393      -11.06231    
          13  -7.427369      -10.80553       1.128178    
          13  -8.443022      -11.37371       14.07893    
          13  -10.66024      -10.04354       12.67257    
          13  -8.298441      -13.70642      -13.70305    
          29  -6.428527       13.11034       11.13287    
          29  -1.226912      -11.19319      -10.15074    
          13   1.099564      -9.613075       12.40517    
          13  -2.879045      -13.26784       10.96505    
          13  -3.896806       13.15416       6.039123    
          13  -5.807225      -11.32525       12.54017    
          40  0.2731558      -9.575113      -13.73386    
          29 -0.8900230      -12.72051      -8.294111    
          29   2.017737      -12.94193      -14.04459    
          29   1.693922       13.06696       13.46535    
          29   7.416521      -11.35464       12.36028    
          29   12.22499      -10.31362       13.79115    
          13   2.758988      -11.11858       8.278555    
          13 -7.6536387E-02  -11.78963       13.01161    
          40   10.67095      -12.74042      -12.70188    
          29   7.155785      -12.36024      -13.61626    
          29   4.064972      -9.422300       9.814003    
          29   4.861358      -12.44245      -13.34564    
          13   6.090075      -8.014852      -13.43068    
          13   9.841264      -11.84154       12.97473    
          29   13.64311      -10.65509       7.108666    
          29   9.597692      -9.950141      -14.01573    
          29   9.962645      -12.49761       10.26029    
          13   9.954388      -9.585495       11.94413    
          13   6.630877      -9.742815       10.75036    
          13   10.22984      -14.04932       12.20192    
          13   13.88937      -9.059473       9.124272    
          13   8.718774      -10.72121      -9.625656    
          13   10.94125      -9.566114       3.257985    
          13   10.20137      -11.99311       5.324086    
          13   13.10733      -8.310143      -13.30296    
          29  -6.885671      -7.897899      -11.74434    
          29  -12.09018       11.74346       10.04855    
          29   12.40247      -10.65729       4.807457    
          29   9.326191      -7.796277       9.827254    
          29  -10.44199      -5.382697      -12.05770    
          13  -13.77184      -10.57665       11.38493    
          13   13.40757      -8.111369      -7.959427    
          13  -12.10829      -4.065811      -13.38907    
          40  -7.633274      -7.576946       9.042411    
          29  -13.71629      -2.944334       13.21297    
          29  -5.565438      -3.994451       13.05472    
          29  -7.906879      -6.399719       10.96993    
          29  -10.87509      -4.375921       9.069585    
          13  -9.523304      -10.66598       10.22896    
          13  -5.566907      -8.229134       10.03775    
          13  -9.704570      -8.217607       10.42845    
          40  -1.467856      -5.665224       12.04522    
          29  -4.409040      -9.499143       12.84747    
          29   2.624725       10.88747      -11.48296    
          29   1.031333      -5.063076       12.74107    
          13  -3.522799      -7.300802       13.42741    
          13  -6.082922      -8.918444       7.113829    
          13  -2.616160      -5.297973      -13.55929    
          40   5.752027      -5.651311       11.94784    
          29   3.741130      -8.457294       14.04391    
          29   4.350282      -10.53876       13.00363    
          13   3.158751      -6.490550       12.70946    
          13   3.637775      -6.587074       10.47088    
          13   1.374834      -7.345884       11.56146    
          13 -0.9217592      -7.749921       11.21208    
          13   4.845565      -5.842752      -13.82866    
          13   4.182689      -6.725098      -11.83666    
          29   11.97351      -11.19034       8.623504    
          29   11.83975      -6.073557      -12.19321    
          29   8.205353      -8.060061       12.83969    
          29   11.77308      -8.554727       10.30367    
          13   3.687398      -5.017184       8.072386    
          13   8.494890      -5.785977       10.88116    
          13   5.812503      -5.787774       9.167619    
          29   9.664090      -7.624588       7.448989    
          29   9.737460      -4.366448       12.99068    
          29   11.29963      -3.862962      -12.68043    
          29   11.02562      -7.747468      -14.05228    
          29   10.39335      -7.244437       11.79595    
          13   11.76541      -2.940470       13.23552    
          13  -12.53110      -5.905452       7.521586    
          13  -13.23637      -4.828079       9.564381    
          13   11.33436      -7.546576       5.364221    
          29  -8.946583      -8.087045       6.631332    
          29   13.73875      -4.297777      -13.12336    
          13  -7.718592      -2.664317       9.938737    
          13  -12.36260      -5.009964       11.87434    
          13   13.20897      -8.164887       12.29554    
          13  -12.20170      -2.420179       11.39799    
          13  -14.10071      -2.777724      -11.14108    
          13  -11.49437      -2.144270       8.932543    
          13  -8.801606      -5.325143       9.106120    
          29  -5.600533      -3.462599       10.14432    
          29  -5.392503      -1.449127       12.79667    
          29  -6.961877      0.2625518       13.45414    
          29  -7.724543      -1.330678      -13.35202    
          13  -8.565063      -7.551929       13.13103    
          13  -6.413126      -3.096272       7.724433    
          29  0.3249099      -1.284097       11.69198    
          29  -3.268947      -2.989883      -13.18189    
          29  -6.408334     -0.6438934       8.313856    
          29  -3.073137      -1.311409       12.38385    
          13  -7.004243       3.055057       11.74603    
          13  -3.136248      -2.758023       10.16152    
          13 -0.7466618      -3.473555       11.16842    
          40   1.924958      -3.284128       11.48142    
          29   2.124114     -0.4696681       9.012239    
          29   2.237914      -3.376504       8.828091    
          29   5.268291      -1.539116       13.69737    
          29   1.769611      -3.600929      -13.79490    
          13   3.338163      -1.505815       11.55228    
          13   2.928177      -1.212324      -14.11155    
          13   4.034449      -3.232933      -12.62657    
          40   6.756196      -3.562473       11.84341    
          29   5.949736       1.804960       11.90364    
          29   8.404340      -3.722454       9.886716    
          13   5.505372     -0.5880079       11.55615    
          13   9.529500      -2.336801       11.56203    
          13   9.072686       3.831183       12.34282    
          13   5.106668     -0.2078188       9.194219    
          29  -14.11863     -0.1610616      -10.22359    
          29   9.963045     -0.5668030       9.911055    
          29   8.086369     -0.3935295       12.41209    
          29   11.88914      -2.454679       7.227169    
          13   12.03439      -1.605603      -12.26808    
          13   12.36381      -5.806416       11.33467    
          40  -11.72404      -2.990910      -11.18392    
          29  -8.201068      -4.153137       11.64752    
          29  -11.32903       2.304389       9.104630    
          29  -9.272754       2.993910       10.57205    
          29  -13.28372      -1.550795      -12.90292    
          13  -11.59278      -1.932751       13.64385    
          13   11.21241       4.399488       11.01602    
          13   11.69041       6.679651       10.09263    
          29  -7.655420       1.250187       9.945883    
          29  -4.972927      0.9227457       10.44166    
          29  -5.503719       4.892901       8.075997    
          13  -5.912729       4.479435       14.12402    
          13  -8.464998       6.898221       11.43740    
          13  -5.252458       4.676093       11.44712    
          13  -4.120042       3.137753       9.950110    
          40  -2.761740       1.482962       11.98926    
          29  -4.865575       2.491502       12.31678    
          29  -3.119256     -0.2911976       9.490706    
          29 -0.3788460      0.9065450       11.49267    
          29 -0.4468699     -0.2391225       9.488952    
          13  -3.583605       5.425940       13.34015    
          13  -2.576846       4.113833       11.67015    
          29   1.238397       2.920680       12.27883    
          29   5.199806       2.545079      -13.70875    
          29   11.23139       7.744572       12.75849    
          13   1.729423      0.6780499       12.85998    
          13   4.604441       4.367958       11.77005    
          13   3.851174       4.978648      -13.81144    
          13   3.025208       2.987529       13.71047    
          13   3.758743       1.125830       10.87172    
          29   8.964403       4.792028      -13.86625    
          29   7.308619       3.009598       9.686146    
          29   4.575319       2.620676       9.283689    
          29   7.411412      0.7163564       9.933161    
          13   13.29181       4.160071       12.66959    
          29   11.33038       2.650918       13.04163    
          29   12.30490       4.438259      -12.90567    
          29   13.68495       1.122828       12.77024    
          29   9.784892       6.263583       11.80347    
          13   12.62391       4.701510       9.024856    
          13   12.36979       2.264912       10.77141    
          13  -13.80776       3.213511      -13.82981    
          13  -13.88941       3.107762       8.962095    
          29  -11.03232       11.46893       7.308564    
          29  -9.144241       5.565567       9.369102    
          13  -10.10959       12.27411      -14.12824    
          13  -12.83805       8.851986       10.12692    
          13   13.38069       9.075821       11.18576    
          13   7.718932       10.12344       6.078697    
          13   12.89857       11.45592       12.41711    
          40  -8.411186       11.09605       10.93988    
          29  -6.827868       6.042829       9.808630    
          29  -7.364520       9.720845       8.863686    
          13  -4.146445       7.130030       11.72812    
          13  -8.577777       2.790597       13.74073    
          13  -9.395785       9.471956       6.850838    
          13  -3.747672       5.408835       9.633573    
          29 -0.3243175       12.01991       10.56551    
          29  0.7552232       4.279899       8.365882    
          29  -3.846834       12.84527       11.22971    
          29 -0.2619879       9.588575       10.06107    
          29 -0.1220413       9.051040       12.35261    
          29  -3.939419       6.741089       7.508335    
          29  -2.166029       7.722506       8.544106    
          13 -0.4659087       7.893441      -13.85739    
          13  -6.903916       8.375187       10.66067    
          13  -2.731746       8.693678       13.11633    
          13  -1.118333       5.539799       13.17317    
          29   5.240564       4.982302       9.440659    
          13  -2.031470       10.95640       8.780739    
          13   2.018379       2.873109       10.06043    
          13  0.4270630       6.695032       8.589409    
          13   3.283747       6.954892       11.80446    
          13   3.305627       8.000960       8.801520    
          13   7.120700       5.953849       11.00761    
          13   5.263673       7.348729       10.61554    
          29   4.531162       9.475387       10.19888    
          29   3.824723       2.802084       5.954296    
          13   6.799145       3.982955       13.01271    
          13   11.47185       5.302906       13.41538    
          13   7.932216       7.105723       12.81495    
          13   9.335087       5.214009       9.808978    
          13  -13.63100       5.623588      -11.26176    
          29   13.06836       7.214297      -11.80357    
          29  -12.94917       8.084871       12.35140    
          29  -13.72110       2.661997       11.26332    
          13   12.80474       8.256003       8.634327    
          13  -13.65218       6.397963      -14.12461    
          13   12.57883      0.8460695      -12.49985    
          13   7.110840       10.15909       9.160800    
          13   9.458048       10.35370      -13.52539    
          13   8.838010       7.440642       9.559736    
          13  -13.36940       13.01037      -10.87654    
          29   9.269653       11.45617       10.26861    
          29  -10.82618       11.32858       12.08005    
          29   13.41491       13.00241       9.473009    
          29   13.33596       9.292386      -10.92396    
          13  -4.966719      -13.37146       9.803901    
          40  -13.05461       10.39406       12.10443    
          29  -8.285337       11.13275       13.33183    
          29  -2.921477       9.435248       10.50599    
          29  -7.633499      -12.38172       9.009781    
          13  -10.40291       10.01561       9.095488    
          13  -3.975255       10.91564       13.31723    
          13  -10.47479       9.311598       13.44040    
          29  -8.447744       7.724734       9.097818    
          29  -2.297325      -9.820754      -13.87233    
          13 -0.6867504       9.561930      -10.71855    
          13  -4.629548       11.18658       7.687927    
          13  0.7916207       6.976693       11.61492    
          13 -0.8296806      -11.64435       10.74751    
          29  -3.478193       13.13833       13.67384    
          29   4.126534      -13.51033       13.05365    
          29   3.066682       10.56379      -13.73075    
          13  -2.149192       11.42616       11.96224    
          13   4.263664       10.32886       12.52268    
          13 -0.5355976       12.81059       13.07626    
          40   8.259481      -11.71928       7.013028    
          40   7.317362       12.92261       9.625437    
          40   8.148765       11.16681       13.08467    
          29   6.415586       12.23973       12.00948    
          29   5.313121       8.976017       6.046004    
          13   5.759914       13.59753      -14.10746    
          13   7.423827       13.84105      -11.87627    
          29   10.90150       9.365395       9.448786    
          29   13.15531       8.705554       13.89156    
          29  -9.257875      -13.61695       7.202030    
          13   11.35207       14.00638       9.809579    
          13  -10.44842      -12.39067       11.73349    
          13   13.96951       13.69503       6.938833    
 -1
