  0.2018710      2.7496338E-02
  0.2073270      2.9915333E-02
  0.2127830      2.6421189E-02
  0.2182390      2.7424097E-02
  0.2236950      3.0348182E-02
  0.2291510      2.8726459E-02
  0.2346070      2.8014541E-02
  0.2400630      2.8757095E-02
  0.2455190      2.8393865E-02
  0.2509750      2.7971625E-02
  0.2564310      2.8837204E-02
  0.2618870      2.9363751E-02
  0.2673430      3.0117154E-02
  0.2727980      3.2138705E-02
  0.2782540      3.2142878E-02
  0.2837100      3.2674313E-02
  0.2891660      3.3615947E-02
  0.2946220      3.3947945E-02
  0.3000780      3.4333110E-02
  0.3055340      3.5443425E-02
  0.3109900      3.7981749E-02
  0.3164460      4.1525126E-02
  0.3219020      4.3184519E-02
  0.3273580      4.1216016E-02
  0.3328140      3.7059307E-02
  0.3382700      3.4539580E-02
  0.3437260      3.4660697E-02
  0.3491820      3.5681963E-02
  0.3546380      3.5638571E-02
  0.3600940      3.4470558E-02
  0.3655500      3.3698559E-02
  0.3710060      3.4087539E-02
  0.3764620      3.5061240E-02
  0.3819180      3.5521626E-02
  0.3873740      3.5224199E-02
  0.3928300      3.4853578E-02
  0.3982860      3.5099626E-02
  0.4037420      3.5408616E-02
  0.4091980      3.4783363E-02
  0.4146540      3.2761097E-02
  0.4201100      3.0084848E-02
  0.4255660      2.7943373E-02
  0.4310220      2.7084827E-02
  0.4364780      2.7044773E-02
  0.4419340      2.6664019E-02
  0.4473900      2.5381565E-02
  0.4528460      2.4162531E-02
  0.4583010      2.4583697E-02
  0.4637570      2.6812315E-02
  0.4692130      2.9157877E-02
  0.4746690      3.0049205E-02
  0.4801250      2.9553533E-02
  0.4855810      2.8790474E-02
  0.4910370      2.8331161E-02
  0.4964930      2.7720213E-02
  0.5019490      2.6891589E-02
  0.5074050      2.6401043E-02
  0.5128610      2.6630759E-02
  0.5183170      2.7655959E-02
  0.5237730      2.8873682E-02
  0.5292290      2.9562473E-02
  0.5346850      2.8761625E-02
  0.5401410      2.6347876E-02
  0.5455970      2.3390651E-02
  0.5510530      2.1527529E-02
  0.5565090      2.1502495E-02
  0.5619650      2.2153974E-02
  0.5674210      2.2223711E-02
  0.5728770      2.1782160E-02
  0.5783330      2.1751285E-02
  0.5837890      2.2591949E-02
  0.5892450      2.4191022E-02
  0.5947010      2.5682092E-02
  0.6001570      2.6209593E-02
  0.6056130      2.6038766E-02
  0.6110690      2.5431991E-02
  0.6165250      2.5204778E-02
  0.6219810      2.5292873E-02
  0.6274370      2.5057673E-02
  0.6328930      2.4142981E-02
  0.6383480      2.2689581E-02
  0.6438040      2.1091938E-02
  0.6492600      1.9893765E-02
  0.6547160      1.9302011E-02
  0.6601720      1.9168735E-02
  0.6656280      1.8991709E-02
  0.6710840      1.8505573E-02
  0.6765400      1.8711209E-02
  0.6819960      1.7971158E-02
  0.6874520      1.8395066E-02
  0.6929080      1.8681169E-02
  0.6983640      1.8475890E-02
  0.7038200      1.8159509E-02
  0.7092760      1.8308520E-02
  0.7147320      1.8980265E-02
  0.7201880      1.9554853E-02
  0.7256440      1.9439697E-02
  0.7311000      1.8708825E-02
  0.7365560      1.8100023E-02
  0.7420120      1.7791510E-02
  0.7474680      1.7899632E-02
  0.7529240      1.8166065E-02
  0.7583800      1.8330336E-02
  0.7638360      1.8288374E-02
  0.7692920      1.8135190E-02
  0.7747480      1.7956972E-02
  0.7802040      1.7738223E-02
  0.7856600      1.7532587E-02
  0.7911160      1.7284751E-02
  0.7965720      1.6816497E-02
  0.8020280      1.6292691E-02
  0.8074840      1.5860677E-02
  0.8129400      1.5871882E-02
  0.8183960      1.6080022E-02
  0.8238510      1.5875816E-02
  0.8293070      1.5055895E-02
  0.8347630      1.4097214E-02
  0.8402190      1.3648868E-02
  0.8456750      1.3857126E-02
