           1 processors are being used.
 Step || Time elapsed || Avg time per step || This step's time || Approx time re
 maining
           2   47.1465020179749        23.5732510089874     
   47.1462728977203        160835294.105107     
           3   90.5136940479279        30.1712313493093     
   43.3671169281006        205851885.024060     
           4   137.738236188889        34.4345590472221     
   47.2244651317596        234939627.383561     
           5   184.556767225266        36.9113534450531     
   46.8184540271759        251838228.614607     
           6   231.324818134308        38.5541363557180     
   46.7679419517517        263046544.661611     
           7   278.209355115891        39.7441935879844     
   46.8844609260559        271166008.360809     
           8   325.895590066910        40.7369487583637     
   47.6861598491669        277939320.723486     
           9   373.262041091919        41.4735601213243     
   47.3664209842682        282965017.998129     
          10   421.545258998871        42.1545258998871     
   48.2831399440765        287611056.219232     
          11   464.411370038986        42.2192154580897     
   42.8660829067230        288052376.623930     
          12   511.849615097046        42.6541345914205     
   47.4381840229034        291019691.099383     
          13   560.027598142624        43.0790460109711     
   48.1779170036316        293918724.305595     
          14   602.900429010391        43.0643163578851     
   42.8728017807007        293818184.102986     
          15   627.910022020340        41.8606681346893     
   25.0095639228821        285605920.032655     
          16   655.394471168518        40.9621544480324     
   27.4843850135803        279475522.352020     
          17   704.141356229782        41.4200797782225     
   48.7468581199646        282599801.968702     
          18   751.366641044617        41.7425911691454     
   47.2252550125122        284800182.236292     
          19   798.404932022095        42.0213122116892     
   47.0382230281830        286701790.339859     
          20   846.027704000473        42.3013852000237     
   47.6227037906647        288612621.901165     
          21   894.273122072220        42.5844343843914     
   48.2453420162201        290543758.800360     
          22   937.309745073318        42.6049884124236     
   43.0365929603577        290683951.580654     
          23   984.406769037247        42.8002943059672     
   47.0969469547272        292016435.581041     
          24   1015.22249221802        42.3009371757507     
   30.8156230449677        288609395.930848     
          25   1062.92104411125        42.5168417644501     
   47.6984779834747        290082419.901028     
