  0.2018710      4.2457342E-02
  0.2073270      4.0012479E-02
  0.2127830      2.6238322E-02
  0.2182390      2.4753332E-02
  0.2236950      3.3172131E-02
  0.2291510      3.7104607E-02
  0.2346070      4.0420532E-02
  0.2400630      4.2973518E-02
  0.2455190      3.6827326E-02
  0.2509750      2.9299617E-02
  0.2564310      3.5444260E-02
  0.2618870      4.5490742E-02
  0.2673430      4.9986720E-02
  0.2727980      4.7860980E-02
  0.2782540      3.8011789E-02
  0.2837100      3.2548904E-02
  0.2891660      3.4211040E-02
  0.2946220      3.4402847E-02
  0.3000780      3.3314586E-02
  0.3055340      3.4403801E-02
  0.3109900      3.7652254E-02
  0.3164460      3.9879203E-02
  0.3219020      4.0215969E-02
  0.3273580      4.0060520E-02
  0.3328140      4.0565014E-02
  0.3382700      4.1383266E-02
  0.3437260      4.0677309E-02
  0.3491820      3.8825750E-02
  0.3546380      3.9488792E-02
  0.3600940      4.3535233E-02
  0.3655500      4.7087312E-02
  0.3710060      4.6592712E-02
  0.3764620      4.2057157E-02
  0.3819180      3.6368251E-02
  0.3873740      3.2500148E-02
  0.3928300      3.1173825E-02
  0.3982860      3.1763196E-02
  0.4037420      3.2947063E-02
  0.4091980      3.4016609E-02
  0.4146540      3.4498811E-02
  0.4201100      3.4507036E-02
  0.4255660      3.4106851E-02
  0.4310220      3.3601046E-02
  0.4364780      3.3433914E-02
  0.4419340      3.4245968E-02
  0.4473900      3.6173940E-02
  0.4528460      3.8614392E-02
  0.4583010      4.0429950E-02
  0.4637570      4.0917993E-02
  0.4692130      4.0222168E-02
  0.4746690      3.8954377E-02
  0.4801250      3.7373543E-02
  0.4855810      3.5486579E-02
  0.4910370      3.3682227E-02
  0.4964930      3.2527208E-02
  0.5019490      3.2277226E-02
  0.5074050      3.2076955E-02
  0.5128610      3.0599833E-02
  0.5183170      2.8009534E-02
  0.5237730      2.5802612E-02
  0.5292290      2.5566578E-02
  0.5346850      2.7135968E-02
  0.5401410      2.8584003E-02
  0.5455970      2.8198004E-02
  0.5510530      2.5919557E-02
  0.5565090      2.3366690E-02
  0.5619650      2.1959305E-02
  0.5674210      2.1792650E-02
  0.5728770      2.2100687E-02
  0.5783330      2.2195101E-02
  0.5837890      2.2160411E-02
  0.5892450      2.2951961E-02
  0.5947010      2.4470925E-02
  0.6001570      2.5549650E-02
  0.6056130      2.5479317E-02
  0.6110690      2.4005771E-02
  0.6165250      2.2575617E-02
  0.6219810      2.1989584E-02
  0.6274370      2.2008300E-02
  0.6328930      2.1961927E-02
  0.6383480      2.1494985E-02
  0.6438040      2.0506024E-02
  0.6492600      1.9420862E-02
  0.6547160      1.8681169E-02
  0.6601720      1.8697977E-02
  0.6656280      1.9637585E-02
  0.6710840      2.1212697E-02
  0.6765400      2.4657965E-02
  0.6819960      2.4068832E-02
  0.6874520      2.4115324E-02
  0.6929080      2.2555947E-02
  0.6983640      1.9702554E-02
  0.7038200      1.6853929E-02
  0.7092760      1.5482664E-02
  0.7147320      1.5912890E-02
  0.7201880      1.6929030E-02
  0.7256440      1.7295718E-02
  0.7311000      1.6871452E-02
  0.7365560      1.6702056E-02
  0.7420120      1.6957045E-02
  0.7474680      1.7550707E-02
  0.7529240      1.8047690E-02
  0.7583800      1.8118739E-02
  0.7638360      1.7768741E-02
  0.7692920      1.7375708E-02
  0.7747480      1.7569900E-02
  0.7802040      1.8611431E-02
  0.7856600      2.0142794E-02
  0.7911160      2.1158338E-02
  0.7965720      2.0825386E-02
  0.8020280      1.9415855E-02
  0.8074840      1.7573237E-02
  0.8129400      1.6176343E-02
  0.8183960      1.5506029E-02
  0.8238510      1.5473723E-02
  0.8293070      1.5911579E-02
  0.8347630      1.6671419E-02
  0.8402190      1.7575979E-02
  0.8456750      1.8387198E-02
