  0.2018709      2.7349353E-02
  0.2073269      3.0090809E-02
  0.2127828      2.6446700E-02
  0.2182388      2.7521729E-02
  0.2236948      3.0717492E-02
  0.2291507      2.8885126E-02
  0.2346067      2.7999878E-02
  0.2400627      2.8730392E-02
  0.2455187      2.8370500E-02
  0.2509746      2.7970552E-02
  0.2564306      2.8780103E-02
  0.2618866      2.9475212E-02
  0.2673425      2.9938936E-02
  0.2727985      3.2215118E-02
  0.2782545      3.2055020E-02
  0.2837104      3.2673240E-02
  0.2891664      3.3733606E-02
  0.2946224      3.3917308E-02
  0.3000784      3.4257293E-02
  0.3055343      3.5400391E-02
  0.3109903      3.7959933E-02
  0.3164463      4.1510940E-02
  0.3219022      4.3212056E-02
  0.3273582      4.1167974E-02
  0.3328142      3.7048578E-02
  0.3382701      3.4546614E-02
  0.3437261      3.4658432E-02
  0.3491821      3.5706878E-02
  0.3546380      3.5634756E-02
  0.3600940      3.4470558E-02
  0.3655500      3.3697009E-02
  0.3710060      3.4083486E-02
  0.3764619      3.5062313E-02
  0.3819179      3.5509348E-02
  0.3873739      3.5204530E-02
  0.3928298      3.4855127E-02
  0.3982858      3.5098076E-02
  0.4037418      3.5411000E-02
  0.4091977      3.4788489E-02
  0.4146537      3.2761455E-02
  0.4201097      3.0085325E-02
  0.4255657      2.7943730E-02
  0.4310216      2.7083039E-02
  0.4364776      2.7048230E-02
  0.4419336      2.6663661E-02
  0.4473895      2.5385618E-02
  0.4528455      2.4162889E-02
  0.4583015      2.4575949E-02
  0.4637575      2.6807785E-02
  0.4692134      2.9158115E-02
  0.4746694      2.9993296E-02
  0.4801254      2.9559255E-02
  0.4855813      2.8860450E-02
  0.4910373      2.8328776E-02
  0.4964933      2.7710319E-02
  0.5019493      2.6891828E-02
  0.5074052      2.6399970E-02
  0.5128612      2.6640534E-02
  0.5183172      2.7647376E-02
  0.5237731      2.8887868E-02
  0.5292291      2.9569983E-02
  0.5346851      2.8763771E-02
  0.5401410      2.6344061E-02
  0.5455970      2.3390651E-02
  0.5510530      2.1527529E-02
  0.5565090      2.1515965E-02
  0.5619649      2.2172451E-02
  0.5674209      2.2223473E-02
  0.5728769      2.1791101E-02
  0.5783328      2.1745205E-02
  0.5837888      2.2641540E-02
  0.5892448      2.4203897E-02
  0.5947008      2.5669813E-02
  0.6001567      2.6425242E-02
  0.6056127      2.6045203E-02
  0.6110687      2.5431991E-02
  0.6165246      2.5213122E-02
  0.6219806      2.5292277E-02
  0.6274366      2.5062561E-02
  0.6328925      2.4146557E-02
  0.6383485      2.2687912E-02
  0.6438044      2.1120071E-02
  0.6492604      1.9877791E-02
  0.6547164      1.9299746E-02
  0.6601723      1.9174337E-02
  0.6656283      1.8992186E-02
  0.6710843      1.8511534E-02
  0.6765403      1.8743157E-02
  0.6819962      1.7981648E-02
  0.6874522      1.8380046E-02
  0.6929082      1.8676996E-02
  0.6983641      1.8479228E-02
  0.7038201      1.8154860E-02
  0.7092761      1.8312454E-02
  0.7147321      1.8988132E-02
  0.7201880      1.9554853E-02
  0.7256440      1.9439697E-02
  0.7311000      1.8707871E-02
  0.7365559      1.8095255E-02
  0.7420119      1.7788649E-02
  0.7474679      1.7899632E-02
  0.7529238      1.8165827E-02
  0.7583798      1.8331409E-02
  0.7638358      1.8289328E-02
  0.7692918      1.8138528E-02
  0.7747477      1.7951488E-02
  0.7802037      1.7747283E-02
  0.7856597      1.7503381E-02
  0.7911156      1.7282248E-02
  0.7965716      1.6815782E-02
  0.8020276      1.6286612E-02
  0.8074836      1.5865564E-02
  0.8129395      1.5869737E-02
  0.8183955      1.6084552E-02
  0.8238515      1.5867591E-02
  0.8293074      1.5054703E-02
  0.8347634      1.4099717E-02
  0.8402194      1.3651729E-02
  0.8456753      1.3863325E-02
